2 0.76796875 0.39140625 0.05546875 0.1234375
1 0.70546875 0.390625 0.02578125 0.0640625
2 0.7078125 0.28984375 0.03828125 0.025
2 0.7171875 0.3109375 0.03125 0.02109375
2 0.75625 0.325 0.04375 0.021875
2 0.44296875 0.5640625 0.06171875 0.11015625
3 0.43515625 0.5171875 0.015625 0.021875
2 0.45234375 0.5015625 0.04765625 0.0296875
5 0.4328125 0.7046875 0.02734375 0.0359375
5 0.40546875 0.71875 0.025 0.034375
5 0.434375 0.734375 0.02578125 0.02734375
5 0.43359375 0.7578125 0.025 0.02578125
5 0.434375 0.78359375 0.0234375 0.02890625
5 0.40625 0.74375 0.025 0.03359375
5 0.4078125 0.76953125 0.0265625 0.03046875
5 0.31796875 0.66796875 0.01484375 0.01640625
5 0.31875 0.65390625 0.01484375 0.01328125
5 0.31796875 0.68828125 0.0171875 0.0125
5 0.33203125 0.66484375 0.0109375 0.00859375
5 0.33359375 0.65390625 0.01171875 0.0125
5 0.32421875 0.72890625 0.0296875 0.02265625
5 0.32578125 0.7546875 0.02890625 0.0203125
5 0.35625 0.7546875 0.0296875 0.0234375
5 0.35546875 0.73046875 0.03125 0.02734375
5 0.353125 0.659375 0.025 0.025
5 0.3546875 0.70859375 0.0265625 0.01875
5 0.353125 0.6953125 0.025 0.01484375
5 0.35234375 0.68046875 0.025 0.0171875
5 0.328125 0.640625 0.02890625 0.0140625
5 0.33046875 0.6234375 0.028125 0.01484375
5 0.35859375 0.62421875 0.0265625 0.0140625
5 0.3546875 0.63671875 0.0203125 0.021875
4 0.2265625 0.66328125 0.015625 0.0265625
4 0.21015625 0.6609375 0.01484375 0.02734375
4 0.24375 0.6859375 0.0140625 0.025
4 0.246875 0.715625 0.0125 0.02265625
4 0.2328125 0.715625 0.0125 0.02421875
4 0.21796875 0.71328125 0.0140625 0.021875
4 0.20234375 0.7078125 0.0140625 0.02265625
4 0.228125 0.690625 0.015625 0.02421875
4 0.2109375 0.6875 0.009375 0.02421875
4 0.19765625 0.684375 0.0125 0.025
5 0.1421875 0.59296875 0.03125 0.05078125
5 0.1171875 0.596875 0.025 0.02578125
5 0.1125 0.61953125 0.025 0.0171875
5 0.128125 0.65546875 0.02109375 0.03046875
5 0.1078125 0.65546875 0.021875 0.02109375
5 0.13125 0.678125 0.021875 0.01953125
5 0.109375 0.675 0.02109375 0.01640625
2 0.1640625 0.76640625 0.04765625 0.1578125
2 0.17890625 0.73671875 0.0140625 0.0859375
5 0.04609375 0.68984375 0.03046875 0.01484375
5 0.07109375 0.7015625 0.01640625 0.02734375
5 0.07265625 0.7265625 0.02109375 0.02734375
5 0.0890625 0.70078125 0.01640625 0.02734375
5 0.0703125 0.7703125 0.028125 0.06171875
6 0.025 0.73984375 0.05 0.084375
2 0.0421875 0.80703125 0.03828125 0.1578125
6 0.0359375 0.88671875 0.015625 0.0453125
6 0.02265625 0.91171875 0.04375 0.03359375
6 0.0109375 0.96875 0.021875 0.059375
2 0.15546875 0.834375 0.03828125 0.13515625
6 0.09765625 0.9296875 0.05 0.06953125
6 0.1296875 0.96953125 0.0484375 0.0609375
2 0.1609375 0.9203125 0.04453125 0.103125
2 0.29765625 0.96171875 0.0984375 0.0765625
6 0.2625 0.89296875 0.0375 0.0609375
2 0.31796875 0.8453125 0.090625 0.090625