2 0.44375 0.56875 0.0671875 0.12890625
3 0.434375 0.51796875 0.01640625 0.025
2 0.44921875 0.503125 0.04453125 0.03125
5 0.43359375 0.70390625 0.025 0.0328125
5 0.434375 0.75546875 0.0265625 0.03359375
5 0.434375 0.73515625 0.0265625 0.03515625
5 0.43515625 0.784375 0.025 0.034375
5 0.40390625 0.71328125 0.028125 0.0453125
5 0.40546875 0.7453125 0.02265625 0.028125
5 0.4078125 0.7703125 0.025 0.03203125
5 0.35703125 0.6234375 0.025 0.01328125
5 0.3515625 0.65078125 0.02265625 0.02734375
5 0.35625 0.72890625 0.03046875 0.028125
5 0.35390625 0.7125 0.02578125 0.0125
5 0.35234375 0.69375 0.025 0.0140625
5 0.3515625 0.67890625 0.02734375 0.01796875
5 0.32265625 0.62421875 0.0140625 0.0234375
5 0.3375 0.6234375 0.009375 0.021875
5 0.3328125 0.64375 0.009375 0.02109375
5 0.31875 0.64765625 0.015625 0.02578125
5 0.32578125 0.715625 0.03203125 0.05078125
5 0.3203125 0.684375 0.0125 0.01484375
5 0.32109375 0.671875 0.0125 0.01640625
5 0.33203125 0.6734375 0.00859375 0.01796875
5 0.3234375 0.7453125 0.02734375 0.03203125
5 0.35625 0.75234375 0.02734375 0.02109375
4 0.20859375 0.66015625 0.01484375 0.02734375
4 0.225 0.66171875 0.015625 0.0265625
4 0.24296875 0.68828125 0.01484375 0.028125
4 0.246875 0.71640625 0.01484375 0.02265625
4 0.22734375 0.68984375 0.015625 0.02890625
4 0.23203125 0.715625 0.01328125 0.02109375
4 0.21171875 0.68984375 0.0140625 0.02421875
4 0.21875 0.71796875 0.0140625 0.02890625
4 0.19765625 0.68359375 0.01328125 0.03125
4 0.203125 0.71015625 0.015625 0.01875
5 0.1390625 0.59375 0.02421875 0.0484375
5 0.11640625 0.60078125 0.02265625 0.0375
5 0.11796875 0.625 0.02734375 0.01328125
5 0.11171875 0.6171875 0.0234375 0.0125
5 0.10859375 0.64765625 0.0140625 0.0265625
5 0.14140625 0.62578125 0.0234375 0.0234375
5 0.1296875 0.6453125 0.0234375 0.03125
2 0.134375 0.7640625 0.09765625 0.16484375
5 0.13203125 0.67734375 0.0203125 0.01875
5 0.10859375 0.67265625 0.021875 0.02578125
5 0.0921875 0.690625 0.02421875 0.01796875
5 0.0859375 0.70234375 0.01953125 0.0296875
5 0.05859375 0.70234375 0.02890625 0.0265625
5 0.04609375 0.68671875 0.02265625 0.02265625
5 0.0640625 0.73125 0.0296875 0.03125
5 0.06796875 0.775 0.02421875 0.053125
2 0.1203125 0.82578125 0.09609375 0.12890625
6 0.1515625 0.91328125 0.05 0.08828125
6 0.1015625 0.946875 0.04765625 0.09765625
6 0.13828125 0.96640625 0.02578125 0.06328125
6 0.0234375 0.8890625 0.040625 0.04140625
6 0.02890625 0.9265625 0.03671875 0.04296875
6 0.0046875 0.9171875 0.009375 0.05625
6 0.01328125 0.9765625 0.0265625 0.046875
2 0.03359375 0.815625 0.0640625 0.09609375
6 0.021875 0.73125 0.04140625 0.06875
2 0.31953125 0.8484375 0.075 0.09921875
2 0.29921875 0.96171875 0.0953125 0.0765625
6 0.2609375 0.89921875 0.02890625 0.071875
2 0.753125 0.3390625 0.03203125 0.04140625
2 0.753125 0.3671875 0.0359375 0.0375
2 0.78828125 0.36328125 0.0234375 0.03359375
5 0.78671875 0.334375 0.01796875 0.0296875
2 0.71640625 0.328125 0.02734375 0.05625
2 0.703125 0.30703125 0.02265625 0.06875
1 0.64296875 0.22890625 0.01953125 0.0375