2 0.70546875 0.30390625 0.03046875 0.05546875
2 0.7140625 0.33125 0.02578125 0.05703125
2 0.753125 0.334375 0.02734375 0.0390625
2 0.75234375 0.37421875 0.02890625 0.0359375
2 0.78828125 0.3640625 0.0203125 0.034375
5 0.78125 0.33125 0.0171875 0.01875
2 0.44140625 0.56640625 0.06484375 0.1296875
3 0.434375 0.51640625 0.01953125 0.01875
2 0.44921875 0.503125 0.04375 0.028125
5 0.43125 0.70234375 0.025 0.0328125
5 0.43515625 0.78203125 0.02578125 0.03515625
5 0.43359375 0.75859375 0.02578125 0.0296875
5 0.43359375 0.73515625 0.02578125 0.0296875
5 0.40390625 0.715625 0.02734375 0.03359375
5 0.40703125 0.74453125 0.0234375 0.03671875
5 0.40546875 0.77109375 0.02578125 0.028125
5 0.353125 0.65 0.025 0.0359375
5 0.359375 0.621875 0.02421875 0.00859375
5 0.33671875 0.6234375 0.01015625 0.0140625
5 0.321875 0.62421875 0.0109375 0.0171875
5 0.31953125 0.64609375 0.01171875 0.0234375
5 0.3328125 0.64765625 0.01015625 0.01953125
5 0.3328125 0.6640625 0.009375 0.01328125
5 0.31953125 0.6703125 0.01171875 0.015625
5 0.33203125 0.67890625 0.01171875 0.01328125
5 0.3328125 0.690625 0.0125 0.0125
5 0.31953125 0.6890625 0.0125 0.01796875
5 0.32578125 0.71875 0.02890625 0.04140625
5 0.35234375 0.678125 0.02578125 0.01328125
5 0.35234375 0.69296875 0.02578125 0.0125
5 0.35390625 0.7078125 0.02421875 0.01484375
5 0.35546875 0.728125 0.02734375 0.021875
5 0.3546875 0.75234375 0.02578125 0.021875
5 0.32578125 0.75390625 0.02734375 0.01875
2 0.3234375 0.896875 0.08671875 0.20546875
2 0.3015625 0.959375 0.0890625 0.08125
6 0.26015625 0.896875 0.0390625 0.06484375
4 0.24375 0.68828125 0.01484375 0.025
4 0.23203125 0.71328125 0.01171875 0.02421875
4 0.24453125 0.71796875 0.01015625 0.0265625
4 0.21640625 0.71171875 0.01640625 0.021875
4 0.2265625 0.6890625 0.01484375 0.0203125
4 0.21328125 0.6875 0.0125 0.02421875
4 0.22265625 0.66171875 0.00859375 0.03125
4 0.2046875 0.6546875 0.01640625 0.0375
4 0.19765625 0.6859375 0.01484375 0.0296875
4 0.20234375 0.7125 0.0203125 0.021875
5 0.140625 0.59296875 0.0265625 0.0453125
5 0.10859375 0.64921875 0.01953125 0.0328125
5 0.1125 0.61953125 0.0203125 0.0140625
5 0.1140625 0.6 0.021875 0.028125
5 0.1328125 0.64453125 0.02421875 0.03125
5 0.1421875 0.63125 0.021875 0.021875
5 0.1171875 0.6234375 0.0171875 0.01640625
2 0.1375 0.7671875 0.0828125 0.1671875
5 0.109375 0.675 0.01875 0.0140625
5 0.1328125 0.6765625 0.025 0.015625
5 0.15078125 0.65546875 0.015625 0.01953125
2 0.115625 0.828125 0.10390625 0.1421875
2 0.1578125 0.90703125 0.0453125 0.09296875
6 0.1046875 0.94609375 0.0484375 0.09453125
6 0.140625 0.95390625 0.02890625 0.07109375
2 0.1796875 0.7359375 0.01953125 0.0828125
5 0.046875 0.68828125 0.0234375 0.01875
5 0.05703125 0.70234375 0.02578125 0.0296875
5 0.0828125 0.70390625 0.0234375 0.02578125
5 0.06328125 0.73125 0.02421875 0.02578125
6 0.01953125 0.73515625 0.03828125 0.103125
2 0.03046875 0.80859375 0.0546875 0.1375
6 0.0296875 0.909375 0.04765625 0.08203125
6 0.0375 0.93359375 0.02421875 0.06875
6 0.01875 0.9578125 0.021875 0.0734375
6 0.0046875 0.91015625 0.009375 0.06015625
6 0.01328125 0.9765625 0.0234375 0.046875
1 0.65546875 0.25625 0.01484375 0.0453125