5 0.43046875 0.70390625 0.028125 0.03828125
5 0.40390625 0.7171875 0.028125 0.03828125
5 0.4328125 0.72890625 0.02734375 0.03515625
5 0.4359375 0.7546875 0.03203125 0.03671875
5 0.40625 0.7421875 0.028125 0.03515625
5 0.40703125 0.76640625 0.02734375 0.03359375
5 0.43515625 0.77890625 0.02890625 0.03515625
5 0.3515625 0.66171875 0.0296875 0.02578125
5 0.353125 0.6796875 0.0296875 0.0171875
5 0.35390625 0.70859375 0.03359375 0.01796875
5 0.35390625 0.69375 0.03046875 0.01484375
5 0.35703125 0.621875 0.0265625 0.021875
5 0.3515625 0.64140625 0.02578125 0.02578125
5 0.328125 0.6375 0.0359375 0.0203125
5 0.33046875 0.62421875 0.03125 0.02578125
5 0.3171875 0.65703125 0.01796875 0.01640625
5 0.334375 0.65703125 0.01015625 0.0171875
5 0.31875 0.6765625 0.0171875 0.01875
5 0.32578125 0.7171875 0.02734375 0.04296875
5 0.32421875 0.75390625 0.03125 0.02109375
5 0.35625 0.72890625 0.03203125 0.01875
5 0.35859375 0.753125 0.034375 0.0234375
2 0.31875 0.84453125 0.08828125 0.10078125
6 0.2578125 0.88984375 0.03671875 0.059375
2 0.30078125 0.9625 0.09375 0.075
6 0.0984375 0.93828125 0.06328125 0.0921875
6 0.021875 0.88359375 0.0359375 0.02890625
6 0.02421875 0.95 0.03828125 0.084375
2 0.10703125 0.8203125 0.103125 0.15625
2 0.1234375 0.71953125 0.09765625 0.07890625
6 0.01953125 0.7359375 0.0390625 0.08359375
6 0.0125 0.815625 0.025 0.05
5 0.059375 0.70390625 0.0359375 0.03828125
5 0.04375 0.68984375 0.03203125 0.0375
5 0.08359375 0.7015625 0.028125 0.040625
5 0.1296875 0.65703125 0.0296875 0.03203125
5 0.1078125 0.6453125 0.02109375 0.03671875
5 0.10703125 0.65546875 0.021875 0.025
5 0.13203125 0.67421875 0.02421875 0.01796875
5 0.10859375 0.67421875 0.0234375 0.021875
5 0.13828125 0.5890625 0.0296875 0.04765625
5 0.115625 0.596875 0.02421875 0.0390625
5 0.1140625 0.6203125 0.0328125 0.02109375
5 0.1125 0.61953125 0.02421875 0.02578125
5 0.140625 0.62578125 0.02734375 0.025
5 0.1375 0.6484375 0.034375 0.0296875
2 0.446875 0.56328125 0.0765625 0.13125
0 0.4359375 0.51875 0.01640625 0.0265625
3 0.4484375 0.4984375 0.046875 0.0421875
4 0.225 0.66171875 0.0171875 0.03203125
4 0.24453125 0.68671875 0.01640625 0.02890625
4 0.20859375 0.65859375 0.01796875 0.02734375
4 0.196875 0.68046875 0.0203125 0.0328125
4 0.2125 0.68671875 0.0171875 0.0296875
4 0.20078125 0.71015625 0.01875 0.0234375
4 0.2171875 0.71484375 0.01875 0.02890625
4 0.23203125 0.715625 0.01640625 0.028125
4 0.24765625 0.71484375 0.0203125 0.02421875
2 0.753125 0.334375 0.04140625 0.03984375
2 0.75078125 0.36875 0.0421875 0.04296875
5 0.7828125 0.33046875 0.025 0.02578125
2 0.78984375 0.36796875 0.0296875 0.03984375
2 0.71484375 0.3296875 0.02890625 0.059375
2 0.70546875 0.2859375 0.03671875 0.034375