2 0.44296875 0.56328125 0.06875 0.12578125
3 0.43515625 0.5171875 0.02578125 0.02734375
2 0.44921875 0.5 0.053125 0.034375
5 0.43359375 0.7296875 0.0296875 0.0375
5 0.4359375 0.753125 0.034375 0.03359375
5 0.43515625 0.77734375 0.03359375 0.03203125
5 0.40390625 0.71328125 0.03046875 0.0390625
5 0.40625 0.7390625 0.028125 0.0359375
5 0.40703125 0.7640625 0.02578125 0.034375
5 0.3515625 0.70390625 0.03671875 0.03046875
5 0.353125 0.6796875 0.0328125 0.0234375
5 0.35234375 0.65859375 0.028125 0.0265625
5 0.353125 0.64375 0.02109375 0.0296875
5 0.35625 0.61875 0.02265625 0.03203125
5 0.3296875 0.6203125 0.0296875 0.02265625
5 0.32578125 0.6421875 0.03046875 0.02734375
5 0.328125 0.66640625 0.0375 0.0140625
5 0.3265625 0.68828125 0.03671875 0.0171875
5 0.325 0.72734375 0.03671875 0.02890625
5 0.325 0.75546875 0.0375 0.021875
5 0.35546875 0.72734375 0.03203125 0.02578125
5 0.35703125 0.75390625 0.03359375 0.02578125
2 0.31796875 0.85390625 0.0984375 0.1234375
2 0.29921875 0.95703125 0.10625 0.0859375
6 0.259375 0.88515625 0.0390625 0.0625
6 0.09921875 0.94609375 0.06328125 0.10703125
2 0.1109375 0.81875 0.11640625 0.1515625
2 0.1296875 0.71640625 0.09765625 0.07890625
6 0.14296875 0.96640625 0.021875 0.0671875
6 0.0125 0.96953125 0.0234375 0.04453125
6 0.02109375 0.925 0.0390625 0.0640625
6 0.02421875 0.8828125 0.03125 0.03828125
6 0.02578125 0.73828125 0.05 0.0890625
6 0.01796875 0.8109375 0.034375 0.04375
6 0.02265625 0.8515625 0.040625 0.025
5 0.059375 0.703125 0.0328125 0.03046875
5 0.0453125 0.690625 0.0265625 0.02734375
5 0.08203125 0.70078125 0.01796875 0.03125
5 0.06015625 0.72421875 0.028125 0.015625
5 0.06328125 0.740625 0.03125 0.0140625
5 0.1296875 0.65625 0.03359375 0.0296875
5 0.10703125 0.6546875 0.02421875 0.028125
5 0.13828125 0.596875 0.02890625 0.040625
5 0.115625 0.603125 0.02578125 0.02578125
5 0.10703125 0.6203125 0.01953125 0.0171875
5 0.13203125 0.67421875 0.03203125 0.01953125
5 0.109375 0.67265625 0.025 0.01640625
4 0.2265625 0.66171875 0.01875 0.02890625
4 0.21015625 0.659375 0.01953125 0.02890625
4 0.24453125 0.6875 0.021875 0.02734375
4 0.228125 0.6890625 0.01796875 0.02734375
4 0.2125 0.68515625 0.01875 0.02890625
4 0.2015625 0.68515625 0.025 0.03203125
4 0.2515625 0.71640625 0.025 0.03046875
4 0.23046875 0.7140625 0.021875 0.02890625
4 0.2171875 0.71171875 0.0171875 0.025
4 0.20234375 0.71015625 0.0203125 0.02734375
2 0.7546875 0.33515625 0.04375 0.0390625
2 0.75234375 0.36875 0.0421875 0.03828125
2 0.78984375 0.36640625 0.02890625 0.03828125
5 0.78359375 0.328125 0.02734375 0.03359375
2 0.71484375 0.32890625 0.03203125 0.05703125
2 0.70625 0.2859375 0.03984375 0.02734375
5 0.43515625 0.70234375 0.034375 0.03984375