1 0.696875 0.32265625 0.02421875 0.06328125
2 0.7546875 0.33515625 0.04140625 0.0359375
2 0.74375 0.3578125 0.02265625 0.025
2 0.7640625 0.36953125 0.02265625 0.0421875
2 0.7890625 0.36796875 0.025 0.0390625
5 0.7828125 0.334375 0.02109375 0.0234375
2 0.71953125 0.31875 0.028125 0.0359375
2 0.4421875 0.56328125 0.065625 0.1171875
3 0.4359375 0.5203125 0.0171875 0.021875
2 0.45078125 0.50078125 0.04375 0.03046875
5 0.43125 0.703125 0.0265625 0.034375
5 0.4328125 0.7296875 0.0265625 0.034375
5 0.43359375 0.75546875 0.0265625 0.03125
5 0.4359375 0.7796875 0.028125 0.03203125
5 0.40546875 0.71640625 0.02578125 0.03515625
5 0.40703125 0.74296875 0.0265625 0.03515625
5 0.40859375 0.771875 0.0296875 0.040625
5 0.35625 0.73046875 0.03046875 0.021875
5 0.3578125 0.75546875 0.0328125 0.0265625
5 0.32421875 0.728125 0.02890625 0.0265625
5 0.32578125 0.75390625 0.03203125 0.02421875
5 0.35234375 0.66328125 0.03046875 0.01796875
5 0.35390625 0.68046875 0.03359375 0.0140625
5 0.35390625 0.69609375 0.0296875 0.01328125
5 0.35390625 0.709375 0.02890625 0.0125
5 0.35625 0.6265625 0.0265625 0.01640625
5 0.353125 0.646875 0.02578125 0.021875
5 0.3171875 0.6515625 0.015625 0.01484375
5 0.33359375 0.65078125 0.01484375 0.0125
5 0.31875 0.671875 0.0140625 0.01796875
5 0.3328125 0.66484375 0.0125 0.0125
5 0.3296875 0.62421875 0.03046875 0.021875
4 0.24375 0.68671875 0.01875 0.028125
4 0.2484375 0.7171875 0.0171875 0.02734375
4 0.2328125 0.715625 0.0171875 0.02578125
4 0.22578125 0.6625 0.01484375 0.02890625
4 0.209375 0.6609375 0.0140625 0.028125
4 0.22734375 0.68828125 0.01484375 0.021875
4 0.21328125 0.6875 0.01875 0.02421875
4 0.19921875 0.68515625 0.01328125 0.0296875
4 0.2171875 0.71484375 0.01171875 0.02734375
4 0.20234375 0.7140625 0.01875 0.02578125
2 0.29375 0.95703125 0.09453125 0.0859375
2 0.31484375 0.8515625 0.08515625 0.11875
6 0.25859375 0.88515625 0.03828125 0.0484375
6 0.1 0.94453125 0.06328125 0.11015625
2 0.10703125 0.821875 0.096875 0.15078125
6 0.13984375 0.9671875 0.0234375 0.065625
6 0.16953125 0.9265625 0.05546875 0.05546875
6 0.01015625 0.971875 0.01875 0.04921875
6 0.02109375 0.92578125 0.03828125 0.053125
6 0.02265625 0.8703125 0.04140625 0.06484375
6 0.02109375 0.88203125 0.0421875 0.0421875
6 0.02109375 0.74453125 0.0421875 0.0984375
6 0.0171875 0.8109375 0.02890625 0.04765625
5 0.05859375 0.70234375 0.03359375 0.03046875
5 0.04765625 0.684375 0.03359375 0.01484375
2 0.12265625 0.7109375 0.09375 0.09140625
5 0.08515625 0.70390625 0.015625 0.0328125
5 0.065625 0.73515625 0.03203125 0.02421875
5 0.140625 0.59140625 0.02890625 0.04609375
5 0.11484375 0.59375 0.0234375 0.0328125
5 0.10703125 0.61875 0.015625 0.02578125
5 0.10546875 0.6609375 0.02265625 0.04375
5 0.1296875 0.65859375 0.028125 0.04609375