2 0.44140625 0.5609375 0.06484375 0.115625
3 0.43515625 0.51953125 0.01953125 0.028125
2 0.44921875 0.5015625 0.04453125 0.0296875
5 0.43203125 0.728125 0.028125 0.0359375
5 0.4328125 0.7046875 0.025 0.0359375
5 0.4328125 0.7546875 0.02734375 0.0328125
5 0.434375 0.78046875 0.028125 0.03671875
5 0.40390625 0.715625 0.03125 0.0390625
5 0.40625 0.7421875 0.0296875 0.03828125
5 0.4078125 0.7671875 0.028125 0.03671875
5 0.35546875 0.72890625 0.0296875 0.0234375
5 0.35859375 0.7546875 0.03515625 0.025
5 0.32421875 0.72734375 0.03203125 0.025
5 0.3265625 0.75390625 0.03359375 0.02265625
5 0.35078125 0.6625 0.025 0.01640625
5 0.3515625 0.6796875 0.028125 0.01484375
5 0.35546875 0.709375 0.03046875 0.015625
5 0.35234375 0.6953125 0.02734375 0.0140625
5 0.35703125 0.6265625 0.02578125 0.01796875
5 0.35078125 0.6421875 0.02421875 0.0203125
5 0.31953125 0.6546875 0.01640625 0.015625
5 0.31875 0.67421875 0.01328125 0.0171875
5 0.31953125 0.690625 0.01875 0.0109375
5 0.33359375 0.65390625 0.0125 0.01328125
5 0.33359375 0.66796875 0.01484375 0.009375
5 0.3296875 0.6234375 0.03125 0.02109375
5 0.3265625 0.63984375 0.0296875 0.01484375
2 0.3140625 0.85625 0.084375 0.14140625
2 0.29609375 0.95859375 0.09609375 0.0828125
6 0.25859375 0.89453125 0.03359375 0.06796875
6 0.0984375 0.9453125 0.05703125 0.109375
2 0.11171875 0.82578125 0.1046875 0.153125
6 0.01796875 0.95390625 0.034375 0.0921875
6 0.0234375 0.8890625 0.04609375 0.065625
6 0.0203125 0.7453125 0.03984375 0.10546875
6 0.01484375 0.82109375 0.0296875 0.0671875
5 0.05859375 0.70390625 0.0328125 0.0296875
5 0.04453125 0.68984375 0.0234375 0.0328125
2 0.11953125 0.7109375 0.0921875 0.090625
5 0.08359375 0.70390625 0.02109375 0.03046875
5 0.0640625 0.7328125 0.0296875 0.02421875
5 0.10625 0.64765625 0.025 0.040625
5 0.1265625 0.64140625 0.0515625 0.06640625
5 0.13046875 0.6484375 0.01640625 0.04140625
5 0.1390625 0.5953125 0.03125 0.03515625
5 0.1140625 0.60078125 0.02734375 0.0375
4 0.225 0.66171875 0.0140625 0.0265625
4 0.24375 0.6875 0.01640625 0.03203125
4 0.228125 0.690625 0.015625 0.0265625
4 0.21015625 0.66015625 0.01796875 0.0296875
4 0.19765625 0.684375 0.0171875 0.02890625
4 0.20390625 0.7125 0.01875 0.03203125
4 0.2125 0.6875 0.015625 0.0296875
4 0.246875 0.71875 0.01953125 0.03125
4 0.23359375 0.71328125 0.02109375 0.0234375
4 0.21796875 0.71171875 0.01640625 0.021875
2 0.7546875 0.33515625 0.0421875 0.0359375
2 0.7515625 0.37421875 0.04140625 0.04375
2 0.7890625 0.3671875 0.02578125 0.03359375
5 0.78515625 0.3359375 0.015625 0.02890625
2 0.71640625 0.334375 0.03046875 0.06328125
2 0.70703125 0.28671875 0.03359375 0.03125