1 0.69375 0.3390625 0.02109375 0.06328125
2 0.75546875 0.3390625 0.040625 0.0390625
2 0.75390625 0.371875 0.04921875 0.0390625
5 0.7828125 0.33125 0.02578125 0.0296875
2 0.78828125 0.36875 0.0265625 0.03515625
2 0.71796875 0.3359375 0.0234375 0.06875
2 0.7125 0.2875 0.02578125 0.0234375
2 0.6609375 0.31796875 0.0375 0.1015625
2 0.44296875 0.5671875 0.0671875 0.128125
3 0.4359375 0.51875 0.01796875 0.025
2 0.44921875 0.49765625 0.04375 0.034375
5 0.4328125 0.70390625 0.0265625 0.0421875
5 0.43203125 0.7296875 0.0265625 0.03359375
5 0.434375 0.75859375 0.03046875 0.03671875
5 0.43515625 0.778125 0.0328125 0.03671875
5 0.4046875 0.71875 0.02890625 0.0375
5 0.4078125 0.74296875 0.03203125 0.03359375
5 0.40859375 0.76875 0.028125 0.034375
2 0.29765625 0.96015625 0.1015625 0.0796875
2 0.31484375 0.8578125 0.0875 0.13046875
6 0.2578125 0.89140625 0.040625 0.0609375
5 0.35078125 0.66015625 0.028125 0.021875
5 0.35078125 0.6796875 0.02890625 0.0140625
5 0.353125 0.696875 0.03046875 0.01328125
5 0.35390625 0.71171875 0.03125 0.0125
5 0.35546875 0.73046875 0.03046875 0.021875
5 0.35703125 0.75390625 0.0328125 0.021875
5 0.32421875 0.72734375 0.03046875 0.025
5 0.32578125 0.7515625 0.0296875 0.021875
5 0.31796875 0.65625 0.01484375 0.02109375
5 0.31953125 0.67734375 0.0140625 0.0171875
5 0.3328125 0.67734375 0.0109375 0.034375
5 0.3328125 0.653125 0.01328125 0.0109375
5 0.3578125 0.625 0.0265625 0.0171875
5 0.35390625 0.64375 0.02578125 0.0203125
5 0.33046875 0.62421875 0.0296875 0.0203125
5 0.32734375 0.63984375 0.0296875 0.01875
4 0.24375 0.68828125 0.01640625 0.03046875
4 0.22734375 0.6625 0.01953125 0.02890625
4 0.21015625 0.6609375 0.0171875 0.0265625
4 0.228125 0.68984375 0.01875 0.0265625
4 0.246875 0.71484375 0.015625 0.02578125
4 0.23125 0.71640625 0.0140625 0.02734375
4 0.2171875 0.7140625 0.015625 0.0296875
4 0.21328125 0.68671875 0.015625 0.02578125
4 0.19765625 0.68203125 0.01796875 0.0296875
4 0.203125 0.7125 0.0171875 0.0296875
2 0.125 0.71875 0.09296875 0.090625
2 0.109375 0.828125 0.1015625 0.14453125
6 0.096875 0.940625 0.06015625 0.10234375
6 0.1421875 0.96328125 0.021875 0.0734375
6 0.16484375 0.9328125 0.04140625 0.05390625
6 0.0109375 0.9734375 0.01875 0.05
6 0.0234375 0.93046875 0.03828125 0.06796875
6 0.0234375 0.88125 0.03515625 0.02890625
6 0.02265625 0.7375 0.0453125 0.090625
6 0.0171875 0.81328125 0.03203125 0.04453125
6 0.02421875 0.859375 0.0390625 0.04140625
5 0.05859375 0.7 0.0359375 0.040625
5 0.04375 0.68515625 0.01796875 0.03203125
5 0.084375 0.7 0.02578125 0.03046875
5 0.06484375 0.74140625 0.02421875 0.03125
2 0.121875 0.63203125 0.05703125 0.059375
5 0.128125 0.65390625 0.0234375 0.03203125
5 0.10859375 0.67265625 0.025 0.02265625
5 0.10625 0.65390625 0.028125 0.025
5 0.13203125 0.67578125 0.0234375 0.01484375
5 0.13984375 0.5921875 0.0328125 0.05
5 0.11640625 0.596875 0.025 0.03359375