2 0.75546875 0.32578125 0.03515625 0.040625
2 0.753125 0.3734375 0.040625 0.05390625
5 0.78828125 0.3296875 0.021875 0.01953125
2 0.78984375 0.37265625 0.0234375 0.0421875
2 0.71640625 0.33203125 0.02578125 0.05703125
2 0.70546875 0.31171875 0.0359375 0.0671875
2 0.44375 0.56484375 0.0640625 0.12734375
3 0.43515625 0.515625 0.0171875 0.02265625
2 0.45 0.50234375 0.03671875 0.02265625
5 0.434375 0.70234375 0.03046875 0.03515625
5 0.43671875 0.78046875 0.025 0.03984375
5 0.4359375 0.7609375 0.02734375 0.0359375
5 0.434375 0.7328125 0.025 0.03203125
5 0.4078125 0.71015625 0.0296875 0.0390625
5 0.409375 0.7671875 0.02578125 0.03203125
5 0.40703125 0.7421875 0.02421875 0.03125
5 0.31953125 0.646875 0.01484375 0.03125
5 0.3265625 0.72109375 0.025 0.03984375
5 0.31953125 0.6859375 0.01484375 0.01640625
5 0.3203125 0.66796875 0.01484375 0.01875
5 0.33359375 0.6828125 0.0078125 0.0203125
5 0.334375 0.66640625 0.009375 0.0140625
5 0.3359375 0.64921875 0.01015625 0.0328125
5 0.32421875 0.753125 0.025 0.025
5 0.35546875 0.75703125 0.03046875 0.02265625
5 0.35546875 0.73203125 0.02890625 0.0265625
5 0.35546875 0.70703125 0.0265625 0.01796875
5 0.3546875 0.69140625 0.02265625 0.0125
5 0.353125 0.678125 0.025 0.0125
5 0.353125 0.659375 0.02421875 0.02578125
5 0.3546875 0.64140625 0.0234375 0.015625
5 0.3546875 0.62734375 0.0234375 0.01796875
2 0.3171875 0.8796875 0.0859375 0.16640625
2 0.296875 0.96015625 0.09609375 0.07890625
6 0.259375 0.890625 0.0328125 0.0609375
4 0.2109375 0.6875 0.0125 0.0203125
4 0.2265625 0.6890625 0.015625 0.0234375
4 0.225 0.6609375 0.015625 0.0265625
4 0.23046875 0.71640625 0.01171875 0.021875
4 0.2421875 0.68828125 0.01328125 0.02890625
4 0.2453125 0.71953125 0.0140625 0.025
4 0.21015625 0.66171875 0.01328125 0.0234375
4 0.21796875 0.71328125 0.01015625 0.02109375
4 0.20234375 0.7109375 0.0140625 0.0203125
4 0.19765625 0.68203125 0.0125 0.02734375
5 0.140625 0.59375 0.0296875 0.05
5 0.11484375 0.596875 0.0203125 0.028125
5 0.11015625 0.61875 0.02265625 0.01484375
5 0.10625 0.64921875 0.01640625 0.028125
5 0.11796875 0.621875 0.0203125 0.015625
5 0.128125 0.65078125 0.0203125 0.0359375
5 0.14375 0.62890625 0.0234375 0.02421875
5 0.15234375 0.653125 0.0140625 0.02265625
2 0.13359375 0.784375 0.1078125 0.21640625
5 0.13828125 0.6765625 0.01953125 0.01796875
5 0.1109375 0.6765625 0.02265625 0.01796875
2 0.11640625 0.821875 0.103125 0.13359375
2 0.15859375 0.90546875 0.03125 0.06953125
6 0.10234375 0.94453125 0.046875 0.09609375
6 0.140625 0.96796875 0.02578125 0.05
5 0.04375 0.68828125 0.02109375 0.0171875
5 0.0578125 0.70234375 0.0265625 0.0265625
5 0.08828125 0.69765625 0.01875 0.02578125
5 0.06171875 0.73046875 0.02421875 0.03203125
5 0.0671875 0.77890625 0.025 0.05546875
6 0.02265625 0.73828125 0.04375 0.0859375
2 0.0296875 0.8140625 0.059375 0.10859375
6 0.0296875 0.9046875 0.05078125 0.07578125
6 0.0296875 0.9328125 0.0328125 0.06484375
6 0.0171875 0.9296875 0.03359375 0.0296875
6 0.0140625 0.97421875 0.02578125 0.046875
1 0.6671875 0.27421875 0.01640625 0.04140625