2 0.44140625 0.56171875 0.0671875 0.11953125
3 0.43671875 0.521875 0.01953125 0.02421875
2 0.45 0.49921875 0.046875 0.0359375
5 0.4328125 0.70546875 0.03046875 0.03359375
5 0.4359375 0.73046875 0.0328125 0.034375
5 0.4328125 0.75390625 0.028125 0.0375
5 0.434375 0.77890625 0.028125 0.03359375
5 0.40625 0.71796875 0.0265625 0.0375
5 0.40625 0.74296875 0.025 0.03125
5 0.40859375 0.76875 0.0296875 0.03203125
5 0.3515625 0.68046875 0.03125 0.02109375
5 0.3515625 0.6625 0.0296875 0.0203125
5 0.3546875 0.7296875 0.03359375 0.02265625
5 0.3546875 0.71171875 0.034375 0.0125
5 0.35234375 0.6984375 0.028125 0.0125
5 0.32265625 0.728125 0.0328125 0.02578125
5 0.3265625 0.75390625 0.03515625 0.01953125
5 0.3578125 0.75546875 0.03671875 0.0265625
5 0.328125 0.62265625 0.02578125 0.0234375
5 0.3171875 0.64609375 0.01328125 0.0296875
5 0.3328125 0.64765625 0.01796875 0.0265625
5 0.31796875 0.675 0.0140625 0.02421875
5 0.3578125 0.6234375 0.02578125 0.02734375
4 0.225 0.66328125 0.01640625 0.028125
4 0.21015625 0.66015625 0.015625 0.03046875
4 0.24453125 0.6890625 0.01953125 0.028125
4 0.24609375 0.71796875 0.0140625 0.02421875
4 0.22890625 0.6890625 0.01484375 0.02734375
4 0.2140625 0.68671875 0.01640625 0.0265625
4 0.19765625 0.68125 0.0171875 0.03125
4 0.23203125 0.71640625 0.0140625 0.02421875
4 0.21796875 0.71484375 0.01328125 0.028125
4 0.20390625 0.71328125 0.01484375 0.02890625
2 0.29609375 0.95859375 0.0953125 0.0828125
2 0.31484375 0.85390625 0.09140625 0.13515625
6 0.26015625 0.88671875 0.0296875 0.071875
6 0.09609375 0.94296875 0.05390625 0.11328125
2 0.11015625 0.83203125 0.09921875 0.16015625
6 0.02109375 0.86953125 0.0375 0.0640625
6 0.01875 0.88984375 0.03515625 0.04609375
6 0.01484375 0.95546875 0.0265625 0.07890625
6 0.0234375 0.74453125 0.04609375 0.10546875
6 0.01484375 0.8140625 0.0265625 0.04296875
2 0.125 0.721875 0.0984375 0.0875
5 0.05859375 0.70234375 0.0296875 0.03125
5 0.04375 0.684375 0.0328125 0.0203125
5 0.08359375 0.6984375 0.025 0.0265625
5 0.06484375 0.734375 0.02890625 0.02421875
5 0.1390625 0.59296875 0.02890625 0.05
5 0.1140625 0.59609375 0.02578125 0.03203125
5 0.10546875 0.653125 0.025 0.04375
5 0.1296875 0.6515625 0.0203125 0.04765625
2 0.75625 0.33359375 0.04296875 0.03125
2 0.75625 0.37265625 0.04375 0.03671875
2 0.7921875 0.36875 0.0296875 0.03359375
5 0.790625 0.33828125 0.03515625 0.0234375
2 0.70625 0.2890625 0.03359375 0.02734375
2 0.71484375 0.33203125 0.04140625 0.03046875
2 0.7171875 0.31171875 0.03046875 0.015625
1 0.7109375 0.3890625 0.028125 0.04765625