2 0.44140625 0.5640625 0.065625 0.1234375
2 0.45078125 0.50078125 0.04296875 0.02421875
3 0.4359375 0.51640625 0.01953125 0.02265625
5 0.43203125 0.70078125 0.028125 0.03125
5 0.43359375 0.73125 0.02578125 0.03203125
5 0.43671875 0.78359375 0.02734375 0.03359375
5 0.434375 0.75859375 0.02578125 0.03125
5 0.403125 0.709375 0.03203125 0.03984375
5 0.40625 0.74296875 0.02265625 0.0234375
5 0.40859375 0.76953125 0.02421875 0.0234375
5 0.35234375 0.65078125 0.028125 0.03046875
5 0.35703125 0.753125 0.028125 0.02734375
5 0.35625 0.72890625 0.0296875 0.01875
5 0.35234375 0.71015625 0.0265625 0.0140625
5 0.353125 0.69453125 0.028125 0.015625
5 0.35234375 0.67890625 0.02890625 0.01640625
5 0.32265625 0.7234375 0.028125 0.03203125
5 0.328125 0.75625 0.025 0.01875
5 0.31875 0.6484375 0.0140625 0.02890625
5 0.33359375 0.6734375 0.01015625 0.02734375
5 0.3328125 0.65 0.01171875 0.025
5 0.3171875 0.6890625 0.0203125 0.0125
5 0.31953125 0.67421875 0.01171875 0.015625
5 0.32421875 0.62421875 0.0125 0.01484375
5 0.3375 0.62421875 0.0109375 0.01796875
2 0.31875 0.86875 0.0828125 0.15078125
2 0.28671875 0.95859375 0.0890625 0.07890625
6 0.26015625 0.89296875 0.03359375 0.0703125
4 0.209375 0.65859375 0.01484375 0.02890625
4 0.225 0.6625 0.01640625 0.03046875
4 0.24375 0.6890625 0.01484375 0.025
4 0.246875 0.71640625 0.0140625 0.0265625
4 0.2265625 0.68671875 0.0171875 0.02109375
4 0.23203125 0.7171875 0.01328125 0.021875
4 0.21171875 0.6890625 0.01640625 0.02109375
4 0.21484375 0.71171875 0.0109375 0.02109375
4 0.196875 0.68125 0.015625 0.02578125
4 0.20234375 0.71171875 0.0140625 0.02421875
5 0.13828125 0.5921875 0.02265625 0.04375
5 0.1171875 0.59921875 0.0234375 0.028125
5 0.10859375 0.64921875 0.01875 0.0375
5 0.10703125 0.62265625 0.01484375 0.01484375
5 0.13046875 0.6515625 0.02109375 0.03828125
5 0.14453125 0.6265625 0.0203125 0.02734375
5 0.12109375 0.6234375 0.0171875 0.0203125
2 0.1296875 0.7328125 0.0890625 0.10703125
5 0.13046875 0.67734375 0.02109375 0.015625
5 0.10859375 0.67734375 0.021875 0.01875
5 0.04375 0.6890625 0.02265625 0.01796875
5 0.05859375 0.6984375 0.0328125 0.021875
5 0.0625 0.72734375 0.03203125 0.02421875
5 0.0828125 0.703125 0.0203125 0.02578125
5 0.0890625 0.690625 0.02109375 0.0125
6 0.021875 0.74140625 0.04296875 0.08984375
6 0.03046875 0.82421875 0.0609375 0.09921875
5 0.0703125 0.76796875 0.0265625 0.0421875
6 0.0296875 0.90625 0.04453125 0.078125
6 0.03203125 0.9296875 0.03203125 0.0640625
6 0.0140625 0.97734375 0.02734375 0.03828125
6 0.00546875 0.91875 0.0109375 0.05
2 0.115625 0.8140625 0.08515625 0.1125
2 0.103125 0.946875 0.0484375 0.10546875
6 0.13828125 0.9625 0.021875 0.0578125
2 0.1609375 0.91171875 0.03046875 0.06953125
2 0.75078125 0.37265625 0.03984375 0.03359375
2 0.75546875 0.33046875 0.03984375 0.03515625
2 0.7890625 0.36875 0.025 0.0328125
5 0.7859375 0.33203125 0.01875 0.021875
2 0.71484375 0.33125 0.02890625 0.0640625
2 0.70625 0.31171875 0.03515625 0.07109375
1 0.64375 0.2015625 0.01328125 0.02421875