2 0.44140625 0.5640625 0.06875 0.12109375
3 0.4359375 0.52109375 0.01640625 0.025
2 0.4484375 0.5015625 0.04375 0.03359375
5 0.43125 0.70390625 0.0265625 0.03671875
5 0.434375 0.72890625 0.0328125 0.03125
5 0.43359375 0.75390625 0.02734375 0.03125
5 0.4359375 0.7796875 0.0296875 0.03671875
5 0.40625 0.7171875 0.02890625 0.03828125
5 0.40625 0.74140625 0.0265625 0.03046875
5 0.40703125 0.76640625 0.0265625 0.0328125
5 0.35546875 0.728125 0.0328125 0.0234375
5 0.3234375 0.728125 0.0296875 0.02734375
5 0.32578125 0.75390625 0.03203125 0.0234375
5 0.35546875 0.753125 0.03203125 0.028125
5 0.35078125 0.66171875 0.028125 0.02265625
5 0.35625 0.68046875 0.0375 0.0140625
5 0.353125 0.69765625 0.03125 0.015625
5 0.35546875 0.62421875 0.02734375 0.02734375
5 0.328125 0.6234375 0.021875 0.02578125
5 0.3171875 0.64375 0.01640625 0.028125
5 0.3203125 0.67734375 0.02109375 0.02265625
5 0.353125 0.640625 0.028125 0.015625
5 0.3328125 0.65703125 0.01328125 0.01484375
2 0.31640625 0.85390625 0.0875 0.134375
2 0.29921875 0.95859375 0.1015625 0.0828125
6 0.26015625 0.89296875 0.03515625 0.0578125
6 0.09765625 0.94140625 0.05390625 0.1171875
6 0.01796875 0.95 0.0328125 0.1
6 0.02265625 0.8875 0.04453125 0.05234375
2 0.109375 0.81953125 0.10546875 0.15546875
6 0.02109375 0.73671875 0.0421875 0.0921875
6 0.02578125 0.83359375 0.046875 0.08203125
2 0.1234375 0.71484375 0.0953125 0.08046875
5 0.05546875 0.70078125 0.03125 0.034375
5 0.0453125 0.68984375 0.025 0.03046875
5 0.1390625 0.59453125 0.028125 0.06640625
5 0.10703125 0.6515625 0.01875 0.05859375
5 0.11484375 0.60078125 0.0203125 0.040625
5 0.13515625 0.64765625 0.03046875 0.05859375
4 0.24375 0.68828125 0.0171875 0.02890625
4 0.2265625 0.6625 0.01640625 0.02578125
4 0.21015625 0.65859375 0.01796875 0.0296875
4 0.19765625 0.684375 0.01640625 0.0328125
4 0.228125 0.690625 0.01328125 0.02578125
4 0.2140625 0.68828125 0.01484375 0.02578125
4 0.24609375 0.71484375 0.0125 0.02109375
4 0.23203125 0.71875 0.015625 0.0265625
4 0.21796875 0.7171875 0.0125 0.02734375
4 0.20234375 0.71328125 0.0171875 0.02890625
2 0.7265625 0.38515625 0.03359375 0.11796875
2 0.75546875 0.3328125 0.03828125 0.04140625
2 0.76171875 0.37109375 0.03203125 0.04765625
5 0.784375 0.3296875 0.02109375 0.02890625
2 0.78984375 0.36953125 0.02734375 0.05078125
2 0.70703125 0.2890625 0.0328125 0.0296875
2 0.71484375 0.31640625 0.0296875 0.01953125
1 0.70703125 0.4046875 0.0234375 0.06640625