1 0.66484375 0.35234375 0.01875 0.04453125
2 0.715625 0.3296875 0.0328125 0.0625
2 0.70625 0.28828125 0.034375 0.02734375
2 0.76328125 0.3390625 0.02265625 0.03046875
5 0.784375 0.3296875 0.01953125 0.025
2 0.7890625 0.3625 0.02421875 0.0359375
2 0.7625 0.37109375 0.025 0.034375
2 0.44453125 0.565625 0.0734375 0.1328125
2 0.4421875 0.49609375 0.06015625 0.02109375
3 0.43515625 0.52109375 0.025 0.025
5 0.43515625 0.78515625 0.02734375 0.03515625
5 0.43359375 0.759375 0.028125 0.02578125
5 0.43359375 0.7328125 0.0328125 0.03515625
5 0.43515625 0.703125 0.03359375 0.04375
5 0.4078125 0.7734375 0.0296875 0.0234375
5 0.40625 0.74609375 0.03125 0.028125
5 0.40625 0.715625 0.03203125 0.0375
2 0.3234375 0.87734375 0.10859375 0.18203125
6 0.2609375 0.90625 0.03515625 0.1046875
2 0.2984375 0.95859375 0.09921875 0.0828125
5 0.3203125 0.690625 0.015625 0.0140625
5 0.31953125 0.6734375 0.01484375 0.0171875
5 0.31953125 0.65546875 0.015625 0.01953125
5 0.33203125 0.66328125 0.0109375 0.0171875
5 0.334375 0.6515625 0.0109375 0.0140625
5 0.3546875 0.7265625 0.0390625 0.03203125
5 0.35234375 0.70859375 0.03515625 0.015625
5 0.353125 0.69453125 0.034375 0.01953125
5 0.3515625 0.678125 0.0328125 0.01953125
5 0.35 0.66171875 0.034375 0.02109375
5 0.3578125 0.75234375 0.03515625 0.028125
5 0.325 0.72890625 0.03046875 0.02265625
5 0.32578125 0.75390625 0.03046875 0.02265625
5 0.34453125 0.6234375 0.05625 0.0203125
4 0.225 0.6625 0.01484375 0.02890625
4 0.2421875 0.68515625 0.01953125 0.03203125
4 0.246875 0.715625 0.0125 0.028125
4 0.2109375 0.6625 0.0171875 0.03125
4 0.196875 0.684375 0.0125 0.03203125
4 0.22734375 0.6890625 0.01484375 0.02734375
4 0.2109375 0.6859375 0.01640625 0.028125
4 0.23125 0.7140625 0.01171875 0.03046875
4 0.21875 0.71328125 0.01796875 0.028125
4 0.203125 0.71015625 0.01484375 0.02265625
5 0.13828125 0.578125 0.0265625 0.034375
5 0.115625 0.59609375 0.02421875 0.028125
5 0.1109375 0.61953125 0.0265625 0.02734375
5 0.1296875 0.65390625 0.02265625 0.03046875
5 0.10625 0.6515625 0.01875 0.02421875
2 0.13359375 0.75703125 0.1078125 0.17265625
5 0.13125 0.6765625 0.02109375 0.01875
5 0.10859375 0.675 0.0234375 0.02265625
5 0.1203125 0.62421875 0.01953125 0.01875
2 0.1796875 0.7359375 0.0203125 0.0953125
6 0.02578125 0.7390625 0.05 0.103125
5 0.04453125 0.6890625 0.0234375 0.0234375
5 0.0640625 0.72578125 0.03515625 0.0359375
5 0.0671875 0.7015625 0.01796875 0.0359375
5 0.0875 0.70546875 0.0140625 0.03046875
2 0.0328125 0.796875 0.065625 0.1375
6 0.03828125 0.8859375 0.03203125 0.02578125
6 0.0296875 0.91484375 0.03984375 0.0375
6 0.02265625 0.96640625 0.0421875 0.0671875
6 0.10234375 0.9390625 0.059375 0.12109375
2 0.15703125 0.9125 0.04296875 0.13203125
2 0.0375 0.80625 0.0484375 0.14921875