2 0.70703125 0.28828125 0.0359375 0.02734375
2 0.715625 0.3140625 0.03515625 0.0375
2 0.7625 0.33828125 0.03046875 0.0328125
2 0.759375 0.36953125 0.0296875 0.03515625
2 0.7890625 0.36484375 0.025 0.03515625
5 0.7828125 0.33359375 0.02109375 0.02578125
2 0.44375 0.56484375 0.0640625 0.1125
3 0.43515625 0.52109375 0.01796875 0.025
2 0.45078125 0.503125 0.04765625 0.034375
5 0.43125 0.70390625 0.025 0.03828125
5 0.40546875 0.7171875 0.03046875 0.03984375
5 0.43125 0.73125 0.0296875 0.03671875
5 0.4359375 0.7796875 0.028125 0.03359375
5 0.43359375 0.7578125 0.02265625 0.03203125
5 0.40546875 0.74375 0.02734375 0.0328125
5 0.40859375 0.7703125 0.02890625 0.02890625
5 0.31953125 0.65390625 0.015625 0.01796875
5 0.33359375 0.68046875 0.0125 0.02890625
5 0.3328125 0.6625 0.01328125 0.009375
5 0.3328125 0.65078125 0.0125 0.0125
5 0.3203125 0.6859375 0.01640625 0.01953125
5 0.3203125 0.6703125 0.01484375 0.01171875
5 0.325 0.72890625 0.02890625 0.02421875
5 0.325 0.7515625 0.03046875 0.021875
5 0.35703125 0.75234375 0.0296875 0.025
5 0.3546875 0.728125 0.0296875 0.02421875
5 0.35234375 0.6640625 0.02578125 0.01328125
5 0.35390625 0.7078125 0.0265625 0.015625
5 0.35234375 0.69375 0.0265625 0.01484375
5 0.3515625 0.6796875 0.0265625 0.01484375
5 0.33046875 0.62421875 0.02890625 0.01796875
5 0.32578125 0.63984375 0.0265625 0.01796875
5 0.35234375 0.634375 0.028125 0.01640625
5 0.35703125 0.6234375 0.021875 0.0109375
5 0.353125 0.65078125 0.025 0.01640625
2 0.3203125 0.8421875 0.084375 0.0859375
6 0.259375 0.88359375 0.03515625 0.03828125
2 0.3 0.96015625 0.10703125 0.0796875
4 0.209375 0.65859375 0.01953125 0.028125
4 0.225 0.66328125 0.01796875 0.02734375
4 0.24375 0.68984375 0.01484375 0.0265625
4 0.24765625 0.715625 0.0125 0.0265625
4 0.19765625 0.6828125 0.0140625 0.02890625
4 0.2328125 0.71640625 0.0140625 0.028125
4 0.2015625 0.709375 0.0125 0.01953125
4 0.2171875 0.71328125 0.0140625 0.02578125
4 0.2125 0.6890625 0.0125 0.02421875
4 0.228125 0.6890625 0.01484375 0.0234375
5 0.14140625 0.58984375 0.03203125 0.040625
5 0.11875 0.596875 0.028125 0.03125
2 0.128125 0.7171875 0.0828125 0.075
5 0.13203125 0.67890625 0.025 0.0203125
5 0.13046875 0.659375 0.0265625 0.03125
5 0.1078125 0.675 0.0234375 0.0203125
5 0.10703125 0.6546875 0.021875 0.021875
5 0.11171875 0.621875 0.02421875 0.02578125
6 0.17734375 0.73203125 0.04140625 0.07578125
5 0.04765625 0.6921875 0.025 0.02421875
5 0.06796875 0.703125 0.01484375 0.0359375
5 0.0890625 0.70390625 0.01796875 0.03203125
6 0.025 0.74140625 0.0484375 0.096875
2 0.1546875 0.82890625 0.059375 0.11484375
6 0.09921875 0.93046875 0.0578125 0.07578125
2 0.15703125 0.91640625 0.0546875 0.09921875
6 0.1359375 0.96796875 0.0328125 0.05234375
6 0.02421875 0.8828125 0.0484375 0.0375
6 0.021875 0.9734375 0.04296875 0.053125
6 0.0234375 0.9359375 0.04609375 0.03515625
6 0.025 0.9171875 0.04765625 0.028125
2 0.03671875 0.79609375 0.05703125 0.1359375