2 0.44453125 0.5671875 0.06796875 0.13046875
3 0.43359375 0.51484375 0.0203125 0.02109375
2 0.45078125 0.50078125 0.05234375 0.03125
5 0.4390625 0.7859375 0.02265625 0.02265625
5 0.43515625 0.75703125 0.02734375 0.034375
5 0.43359375 0.73515625 0.03046875 0.03359375
5 0.434375 0.7 0.03203125 0.03515625
5 0.40703125 0.76875 0.0234375 0.02109375
5 0.40625 0.7390625 0.025 0.02578125
5 0.40625 0.7125 0.03125 0.03359375
5 0.35390625 0.65 0.02421875 0.034375
5 0.353125 0.67734375 0.02578125 0.0171875
5 0.35546875 0.7296875 0.028125 0.025
5 0.35546875 0.70859375 0.025 0.01796875
5 0.35390625 0.6953125 0.02734375 0.01171875
5 0.35625 0.753125 0.02734375 0.02265625
5 0.32421875 0.71640625 0.02734375 0.04140625
5 0.32578125 0.7515625 0.0296875 0.021875
5 0.31796875 0.64375 0.0109375 0.0171875
5 0.33203125 0.64296875 0.009375 0.01953125
5 0.321875 0.62109375 0.009375 0.01484375
5 0.3375 0.62265625 0.0109375 0.01328125
5 0.31875 0.690625 0.0140625 0.01171875
5 0.31953125 0.67265625 0.01171875 0.02109375
5 0.33359375 0.67109375 0.00859375 0.02578125
2 0.31875 0.88046875 0.0875 0.1640625
6 0.26015625 0.8953125 0.03203125 0.06171875
2 0.30234375 0.96015625 0.09375 0.07890625
4 0.2 0.7078125 0.01171875 0.02265625
4 0.21328125 0.68515625 0.01484375 0.0265625
4 0.196875 0.6796875 0.015625 0.03046875
4 0.20859375 0.66015625 0.01484375 0.025
4 0.21640625 0.7125 0.015625 0.0234375
4 0.228125 0.68828125 0.015625 0.0265625
4 0.225 0.6625 0.0140625 0.0265625
4 0.2421875 0.68515625 0.01328125 0.03046875
4 0.2328125 0.71484375 0.0140625 0.021875
4 0.246875 0.71640625 0.0109375 0.02578125
5 0.14140625 0.59296875 0.0265625 0.05234375
5 0.1203125 0.6015625 0.0203125 0.03671875
5 0.11015625 0.61796875 0.0234375 0.01796875
5 0.12109375 0.6234375 0.02421875 0.02109375
5 0.14296875 0.62578125 0.01953125 0.025
5 0.13203125 0.65 0.02265625 0.02578125
5 0.1078125 0.64296875 0.01875 0.03203125
2 0.13359375 0.74140625 0.08671875 0.12890625
5 0.1078125 0.675 0.02109375 0.0171875
5 0.1328125 0.678125 0.021875 0.01796875
5 0.04453125 0.6875 0.02265625 0.01640625
5 0.0578125 0.70078125 0.02421875 0.0265625
5 0.08125 0.7015625 0.01328125 0.0234375
5 0.090625 0.690625 0.0203125 0.01484375
5 0.0609375 0.72890625 0.028125 0.02109375
5 0.0703125 0.7765625 0.01875 0.06953125
6 0.021875 0.74140625 0.0421875 0.09140625
2 0.034375 0.83046875 0.065625 0.121875
6 0.03046875 0.9109375 0.04765625 0.0796875
6 0.0296875 0.94765625 0.03671875 0.0765625
6 0.0046875 0.91328125 0.009375 0.0390625
6 0.0125 0.975 0.02265625 0.0421875
2 0.1234375 0.8171875 0.08203125 0.1046875
6 0.1046875 0.9359375 0.05703125 0.0875
6 0.14296875 0.96328125 0.03203125 0.06796875
2 0.15 0.90078125 0.04609375 0.05390625
2 0.178125 0.7375 0.0296875 0.0546875
2 0.71171875 0.33359375 0.02578125 0.06796875
2 0.7046875 0.3046875 0.0328125 0.07734375
2 0.74921875 0.36875 0.04921875 0.05234375
2 0.753125 0.3359375 0.03671875 0.04609375
2 0.7875 0.36484375 0.0203125 0.03828125
5 0.78671875 0.33125 0.0203125 0.01875
1 0.8546875 0.3859375 0.02578125 0.078125