2 0.4421875 0.5640625 0.06796875 0.121875
3 0.43671875 0.51953125 0.01953125 0.02265625
2 0.45078125 0.4984375 0.04921875 0.0359375
5 0.43125 0.7 0.03125 0.0421875
5 0.43359375 0.728125 0.028125 0.0375
5 0.43515625 0.753125 0.03046875 0.0359375
5 0.43828125 0.7796875 0.03359375 0.03515625
5 0.40546875 0.71640625 0.03125 0.03671875
5 0.40703125 0.73984375 0.03359375 0.034375
5 0.40859375 0.765625 0.0296875 0.03515625
5 0.3515625 0.66171875 0.03046875 0.02265625
5 0.35625 0.72890625 0.03359375 0.0203125
5 0.3546875 0.7109375 0.03203125 0.01328125
5 0.353125 0.6953125 0.03046875 0.0140625
5 0.3515625 0.68125 0.0296875 0.0125
5 0.35390625 0.6453125 0.03125 0.02265625
5 0.35625 0.6265625 0.0265625 0.01953125
5 0.32734375 0.62265625 0.03046875 0.01875
5 0.32734375 0.6421875 0.0328125 0.01484375
5 0.3203125 0.66328125 0.01953125 0.0203125
5 0.32265625 0.68515625 0.0234375 0.01875
5 0.32265625 0.71796875 0.03125 0.0390625
5 0.32578125 0.75078125 0.03125 0.02265625
5 0.3578125 0.75234375 0.0359375 0.02734375
4 0.24296875 0.68671875 0.01640625 0.028125
4 0.24765625 0.71796875 0.01875 0.0296875
4 0.2265625 0.6609375 0.0203125 0.0296875
4 0.209375 0.65703125 0.01640625 0.03046875
4 0.228125 0.6890625 0.015625 0.02578125
4 0.21171875 0.6875 0.01640625 0.025
4 0.19921875 0.68046875 0.0171875 0.0265625
4 0.20390625 0.71015625 0.01640625 0.02734375
4 0.21875 0.7140625 0.01171875 0.0265625
4 0.23203125 0.7171875 0.01171875 0.025
5 0.14140625 0.58984375 0.034375 0.0484375
5 0.1140625 0.59453125 0.0234375 0.0328125
5 0.1421875 0.628125 0.02109375 0.02578125
5 0.11640625 0.62265625 0.02890625 0.01640625
5 0.10859375 0.6484375 0.01640625 0.03203125
5 0.13125 0.6484375 0.02734375 0.034375
2 0.12421875 0.72109375 0.0921875 0.07734375
5 0.1328125 0.6765625 0.02734375 0.0171875
5 0.10859375 0.67421875 0.0234375 0.0203125
5 0.0828125 0.7015625 0.01328125 0.02578125
5 0.04453125 0.68671875 0.02421875 0.021875
5 0.05859375 0.69765625 0.03125 0.028125
5 0.0625 0.72734375 0.0328125 0.0265625
2 0.1109375 0.82734375 0.10859375 0.140625
6 0.021875 0.74296875 0.04375 0.0921875
6 0.0203125 0.88359375 0.040625 0.03515625
6 0.02109375 0.92734375 0.03984375 0.04375
6 0.0109375 0.975 0.021875 0.05
6 0.01640625 0.81484375 0.03046875 0.04609375
6 0.09375 0.93671875 0.0546875 0.0953125
2 0.31640625 0.8578125 0.090625 0.12890625
2 0.30078125 0.95859375 0.10078125 0.0828125
6 0.25546875 0.88203125 0.0375 0.06875
2 0.7875 0.35546875 0.0234375 0.028125
5 0.78515625 0.33359375 0.025 0.034375
2 0.75390625 0.33515625 0.04140625 0.03984375
2 0.753125 0.3703125 0.04453125 0.03828125
2 0.71484375 0.328125 0.0296875 0.059375
2 0.70703125 0.2875 0.0375 0.03203125