2 0.7171875 0.3265625 0.03515625 0.05625
2 0.70703125 0.30390625 0.02890625 0.06328125
2 0.74453125 0.3671875 0.01953125 0.04609375
2 0.75 0.3296875 0.034375 0.02890625
2 0.440625 0.56484375 0.06484375 0.11640625
3 0.43203125 0.51796875 0.0234375 0.0234375
2 0.446875 0.5 0.05234375 0.02265625
5 0.43203125 0.6984375 0.02421875 0.0359375
5 0.4359375 0.784375 0.02578125 0.03671875
5 0.4359375 0.759375 0.02421875 0.03359375
5 0.43515625 0.734375 0.02578125 0.0296875
5 0.40546875 0.7140625 0.0265625 0.03203125
5 0.4078125 0.76875 0.02265625 0.03125
5 0.409375 0.746875 0.02578125 0.02734375
5 0.3171875 0.65078125 0.01171875 0.0296875
5 0.334375 0.6484375 0.01015625 0.0265625
5 0.32265625 0.61875 0.0109375 0.01640625
5 0.3359375 0.621875 0.01328125 0.015625
5 0.35546875 0.753125 0.02734375 0.02265625
5 0.35625 0.7296875 0.02734375 0.02109375
5 0.3546875 0.7109375 0.028125 0.0125
5 0.35546875 0.69375 0.0296875 0.01796875
5 0.35625 0.67734375 0.02734375 0.0203125
5 0.35390625 0.65234375 0.02421875 0.03125
5 0.35703125 0.625 0.02265625 0.01328125
5 0.325 0.715625 0.02890625 0.0421875
5 0.32578125 0.7484375 0.0265625 0.021875
4 0.209375 0.659375 0.0125 0.0296875
4 0.22421875 0.6625 0.015625 0.02578125
4 0.23046875 0.7109375 0.0078125 0.02578125
4 0.24375 0.7109375 0.01328125 0.0234375
4 0.2421875 0.68515625 0.0140625 0.0203125
4 0.23046875 0.690625 0.0125 0.0234375
4 0.21328125 0.6875 0.015625 0.02734375
4 0.19765625 0.6796875 0.01328125 0.025
4 0.203125 0.71171875 0.015625 0.02265625
4 0.21875 0.7140625 0.0109375 0.02109375
5 0.140625 0.59765625 0.028125 0.04609375
5 0.115625 0.596875 0.02265625 0.02734375
5 0.1296875 0.6484375 0.02109375 0.0359375
5 0.1421875 0.63125 0.01953125 0.025
2 0.14140625 0.75625 0.08046875 0.15078125
5 0.109375 0.67421875 0.01796875 0.01796875
5 0.10859375 0.64921875 0.01640625 0.02890625
5 0.1203125 0.625 0.0203125 0.0171875
5 0.10703125 0.6171875 0.021875 0.01328125
5 0.1296875 0.675 0.01640625 0.01953125
5 0.0453125 0.6890625 0.02421875 0.01796875
5 0.05703125 0.7015625 0.02890625 0.03046875
5 0.084375 0.70078125 0.0171875 0.021875
5 0.06328125 0.73203125 0.0296875 0.03046875
5 0.06875 0.78046875 0.015625 0.0625
2 0.12265625 0.82734375 0.0828125 0.14375
2 0.15703125 0.9078125 0.0359375 0.06953125
6 0.1 0.93828125 0.06015625 0.0984375
6 0.0203125 0.74296875 0.03828125 0.0890625
2 0.03125 0.81640625 0.05 0.12734375
6 0.021875 0.88125 0.0359375 0.0265625
6 0.02578125 0.959375 0.03125 0.08125
6 0.02578125 0.91328125 0.03515625 0.02265625
6 0.01484375 0.96640625 0.025 0.05234375
6 0.0046875 0.9140625 0.009375 0.0515625
2 0.31796875 0.86171875 0.08046875 0.14921875
6 0.26328125 0.9 0.04453125 0.07265625
2 0.29765625 0.96015625 0.11171875 0.06640625
1 0.796875 0.38203125 0.01953125 0.0859375