2 0.44140625 0.5640625 0.06171875 0.11875
3 0.4359375 0.5171875 0.01875 0.01953125
2 0.45078125 0.49765625 0.0484375 0.0296875
5 0.4359375 0.78046875 0.025 0.03515625
5 0.4359375 0.75625 0.02734375 0.0359375
5 0.43359375 0.72890625 0.02578125 0.03046875
5 0.43203125 0.703125 0.02890625 0.03515625
5 0.4046875 0.71484375 0.028125 0.04296875
5 0.40703125 0.76875 0.0234375 0.03359375
5 0.40703125 0.74609375 0.02109375 0.03203125
5 0.3515625 0.6515625 0.02421875 0.0328125
5 0.3578125 0.628125 0.021875 0.0265625
5 0.32265625 0.62265625 0.01328125 0.01640625
5 0.33671875 0.6234375 0.01328125 0.015625
5 0.33359375 0.64609375 0.01015625 0.0203125
5 0.31953125 0.64609375 0.0171875 0.02734375
5 0.334375 0.66875 0.01171875 0.02109375
5 0.33359375 0.68671875 0.01171875 0.01484375
5 0.31875 0.6859375 0.0140625 0.0203125
5 0.31953125 0.66875 0.01484375 0.01484375
5 0.353125 0.678125 0.02734375 0.01640625
5 0.353125 0.69453125 0.0265625 0.0140625
5 0.353125 0.709375 0.025 0.0140625
5 0.35546875 0.7265625 0.0296875 0.01953125
5 0.35546875 0.75234375 0.028125 0.02578125
5 0.3234375 0.72421875 0.0296875 0.02890625
5 0.3265625 0.753125 0.028125 0.0203125
4 0.225 0.6625 0.0140625 0.0265625
4 0.24296875 0.6890625 0.01484375 0.0265625
4 0.2453125 0.71640625 0.0109375 0.02421875
4 0.23125 0.7140625 0.01171875 0.0203125
4 0.2265625 0.690625 0.01484375 0.0296875
4 0.21328125 0.68828125 0.0125 0.025
4 0.21796875 0.7140625 0.01328125 0.021875
4 0.203125 0.709375 0.01328125 0.0265625
4 0.1984375 0.68046875 0.0125 0.02890625
4 0.21015625 0.6578125 0.0140625 0.02421875
5 0.1390625 0.59296875 0.028125 0.04921875
5 0.1171875 0.59765625 0.025 0.02734375
5 0.140625 0.62578125 0.021875 0.02265625
5 0.12890625 0.64921875 0.01875 0.034375
5 0.10859375 0.6484375 0.021875 0.028125
5 0.12109375 0.6234375 0.01796875 0.01640625
5 0.1078125 0.61953125 0.0140625 0.01484375
2 0.1359375 0.75625 0.10703125 0.16328125
5 0.13125 0.67421875 0.021875 0.0140625
5 0.11015625 0.6734375 0.0203125 0.01953125
2 0.1171875 0.82421875 0.09140625 0.13828125
2 0.16328125 0.90078125 0.03984375 0.08203125
6 0.1 0.94921875 0.05 0.1015625
6 0.140625 0.9671875 0.01796875 0.06171875
5 0.04453125 0.68828125 0.02890625 0.01953125
5 0.0546875 0.70078125 0.02734375 0.0328125
5 0.06328125 0.725 0.028125 0.03359375
5 0.084375 0.703125 0.01640625 0.028125
5 0.0671875 0.7734375 0.025 0.05625
6 0.02421875 0.73671875 0.04765625 0.0859375
2 0.03125 0.82421875 0.0625 0.109375
6 0.02734375 0.89453125 0.0484375 0.0515625
6 0.0296875 0.940625 0.046875 0.0375
6 0.0046875 0.90859375 0.009375 0.0609375
6 0.0125 0.975 0.025 0.04921875
2 0.2984375 0.9640625 0.08359375 0.0703125
2 0.31796875 0.853125 0.07578125 0.13125
6 0.26484375 0.8984375 0.034375 0.07421875
2 0.75625 0.33359375 0.03984375 0.04765625
2 0.753125 0.37265625 0.03828125 0.03515625
2 0.78671875 0.3609375 0.028125 0.040625
5 0.78515625 0.32578125 0.01953125 0.0203125
2 0.71640625 0.3375 0.0328125 0.0796875
2 0.70390625 0.3046875 0.0328125 0.05390625
1 0.6546875 0.26875 0.01875 0.03515625