2 0.44375 0.56328125 0.06796875 0.12578125
3 0.43671875 0.51875 0.02109375 0.02578125
2 0.45234375 0.49921875 0.0546875 0.03125
5 0.3578125 0.7296875 0.0359375 0.02578125
5 0.35546875 0.709375 0.0390625 0.01953125
5 0.35390625 0.69375 0.0390625 0.015625
5 0.35234375 0.68046875 0.03359375 0.015625
5 0.3515625 0.66328125 0.0296875 0.025
5 0.325 0.72578125 0.03984375 0.02421875
5 0.3265625 0.75234375 0.03515625 0.0203125
5 0.35625 0.75234375 0.03203125 0.02421875
5 0.32578125 0.65078125 0.03984375 0.0265625
5 0.32421875 0.67890625 0.03828125 0.01953125
5 0.33125 0.6234375 0.02890625 0.0265625
5 0.3640625 0.61796875 0.02734375 0.02109375
5 0.43203125 0.7015625 0.0265625 0.0375
5 0.43515625 0.75234375 0.0296875 0.03359375
5 0.43125 0.72734375 0.02578125 0.0296875
5 0.4390625 0.77734375 0.034375 0.03359375
5 0.4078125 0.7625 0.03828125 0.0375
5 0.409375 0.74140625 0.034375 0.03984375
5 0.40625 0.71875 0.02734375 0.040625
2 0.32109375 0.84921875 0.10546875 0.125
2 0.3015625 0.95859375 0.09609375 0.08203125
6 0.26328125 0.8875 0.0359375 0.059375
6 0.1 0.9421875 0.06015625 0.115625
2 0.115625 0.825 0.11875 0.159375
2 0.12734375 0.7109375 0.0984375 0.0921875
6 0.02890625 0.7953125 0.05546875 0.14609375
6 0.02578125 0.728125 0.0515625 0.109375
5 0.06015625 0.70234375 0.0296875 0.0390625
5 0.0453125 0.68046875 0.03046875 0.02578125
5 0.08125 0.696875 0.01796875 0.034375
6 0.01796875 0.94921875 0.0359375 0.1015625
6 0.02265625 0.88828125 0.0453125 0.03125
4 0.228125 0.68671875 0.01953125 0.0359375
4 0.22734375 0.6578125 0.01953125 0.034375
4 0.21328125 0.6578125 0.0234375 0.02890625
4 0.24375 0.68515625 0.0203125 0.0328125
4 0.21171875 0.6875 0.015625 0.03046875
4 0.19765625 0.68203125 0.015625 0.03046875
4 0.2015625 0.71171875 0.0203125 0.025
4 0.2453125 0.71484375 0.0171875 0.0265625
4 0.23203125 0.71640625 0.01640625 0.02265625
4 0.21796875 0.715625 0.0109375 0.02421875
5 0.13828125 0.58828125 0.02734375 0.04765625
5 0.11640625 0.5953125 0.02421875 0.0390625
5 0.13671875 0.64140625 0.034375 0.05078125
5 0.10546875 0.6484375 0.021875 0.03359375
5 0.1078125 0.67421875 0.02421875 0.0171875
5 0.134375 0.6765625 0.02734375 0.01953125
2 0.75546875 0.3359375 0.04140625 0.040625
2 0.7546875 0.3703125 0.04609375 0.04375
2 0.7875 0.36640625 0.03203125 0.040625
5 0.78515625 0.33203125 0.02734375 0.0265625
2 0.7171875 0.33125 0.03203125 0.06171875
2 0.70625 0.28671875 0.03984375 0.03359375