2 0.4421875 0.5625 0.0671875 0.125
3 0.4359375 0.51875 0.015625 0.021875
2 0.44921875 0.50234375 0.0453125 0.0359375
5 0.43203125 0.7015625 0.02890625 0.040625
5 0.434375 0.7296875 0.03203125 0.03671875
5 0.43515625 0.75234375 0.03046875 0.0328125
5 0.4359375 0.78125 0.03359375 0.03359375
5 0.40390625 0.7140625 0.0296875 0.040625
5 0.40546875 0.740625 0.02578125 0.03359375
5 0.40703125 0.76484375 0.0265625 0.03125
5 0.35078125 0.6640625 0.02890625 0.01796875
5 0.35078125 0.68125 0.0328125 0.01328125
5 0.35234375 0.69609375 0.0296875 0.0140625
5 0.353125 0.7109375 0.03046875 0.0140625
5 0.325 0.72734375 0.03359375 0.02734375
5 0.3578125 0.73125 0.03671875 0.02421875
5 0.32578125 0.75390625 0.0328125 0.021875
5 0.3578125 0.75703125 0.03671875 0.02578125
5 0.35625 0.62421875 0.02890625 0.021875
5 0.35390625 0.64609375 0.03125 0.02578125
5 0.328125 0.6234375 0.02890625 0.02265625
5 0.32578125 0.640625 0.0296875 0.0171875
5 0.31875 0.65703125 0.0171875 0.01640625
5 0.31953125 0.67578125 0.015625 0.01484375
5 0.31953125 0.68984375 0.01640625 0.00859375
5 0.33359375 0.67109375 0.01171875 0.04296875
4 0.24375 0.68828125 0.01484375 0.028125
4 0.225 0.66171875 0.01640625 0.02734375
4 0.209375 0.65703125 0.01796875 0.02890625
4 0.19765625 0.68203125 0.0140625 0.02734375
4 0.21328125 0.6875 0.01484375 0.02890625
4 0.228125 0.690625 0.0171875 0.02890625
4 0.24609375 0.71640625 0.01328125 0.02734375
4 0.23203125 0.715625 0.01484375 0.02734375
4 0.21796875 0.715625 0.01640625 0.0265625
4 0.20390625 0.71171875 0.01796875 0.025
2 0.29609375 0.9578125 0.10234375 0.084375
2 0.31484375 0.85546875 0.0828125 0.11953125
6 0.25703125 0.88984375 0.03828125 0.053125
6 0.0984375 0.94296875 0.0625 0.11328125
2 0.1078125 0.8296875 0.09921875 0.17265625
6 0.02421875 0.88671875 0.04296875 0.04296875
6 0.0140625 0.95234375 0.02421875 0.075
6 0.0203125 0.73828125 0.03828125 0.090625
6 0.015625 0.81640625 0.025 0.05078125
2 0.13125 0.721875 0.1078125 0.0890625
5 0.05 0.6859375 0.0359375 0.01953125
5 0.06015625 0.70234375 0.0328125 0.025
5 0.059375 0.7328125 0.03125 0.03203125
5 0.08515625 0.70078125 0.02421875 0.03125
5 0.1390625 0.590625 0.0265625 0.0453125
5 0.11640625 0.59609375 0.02734375 0.040625
5 0.1078125 0.64765625 0.025 0.03828125
5 0.109375 0.675 0.02578125 0.0140625
5 0.1328125 0.67734375 0.03125 0.0203125
5 0.13203125 0.65 0.02109375 0.034375
5 0.14296875 0.62734375 0.01953125 0.025
5 0.11953125 0.62421875 0.03046875 0.01796875
2 0.790625 0.36796875 0.02421875 0.03359375
5 0.78671875 0.33828125 0.021875 0.02578125
2 0.75390625 0.33515625 0.040625 0.046875
2 0.7546875 0.36796875 0.04921875 0.0484375
2 0.71328125 0.33125 0.0328125 0.06015625
2 0.7078125 0.2875 0.03984375 0.0296875
2 0.984375 0.43046875 0.028125 0.10390625