2 0.70625 0.28984375 0.04140625 0.02734375
2 0.7125 0.3125 0.04375 0.02734375
2 0.75546875 0.3328125 0.04140625 0.03828125
2 0.759375 0.36796875 0.03125 0.040625
2 0.7859375 0.36171875 0.0296875 0.03984375
5 0.7828125 0.3328125 0.02890625 0.03515625
2 0.4421875 0.5625 0.0640625 0.109375
3 0.4359375 0.51875 0.01640625 0.02109375
2 0.45 0.50234375 0.04609375 0.03359375
5 0.43359375 0.70625 0.028125 0.040625
5 0.40625 0.71875 0.025 0.0359375
5 0.4328125 0.73359375 0.02734375 0.03125
5 0.43359375 0.759375 0.0265625 0.03359375
5 0.43359375 0.78046875 0.02578125 0.03203125
5 0.40703125 0.74375 0.02578125 0.03828125
5 0.40859375 0.771875 0.0265625 0.03671875
5 0.31875 0.653125 0.0140625 0.01484375
5 0.31875 0.671875 0.015625 0.015625
5 0.31953125 0.68828125 0.01953125 0.01484375
5 0.3328125 0.6640625 0.0125 0.01015625
5 0.33359375 0.6515625 0.0125 0.01328125
6 0.33046875 0.62421875 0.02734375 0.01875
5 0.32578125 0.64140625 0.02578125 0.01640625
5 0.35625 0.73203125 0.028125 0.028125
5 0.35234375 0.70859375 0.03046875 0.0125
5 0.35078125 0.6953125 0.02890625 0.01171875
5 0.35234375 0.68125 0.02890625 0.01640625
5 0.3515625 0.66484375 0.025 0.0171875
5 0.3578125 0.6234375 0.025 0.015625
5 0.35390625 0.63984375 0.025 0.0171875
2 0.31953125 0.83515625 0.08515625 0.08828125
6 0.259375 0.88671875 0.028125 0.046875
2 0.3 0.9625 0.1 0.075
4 0.20859375 0.65859375 0.01640625 0.02578125
4 0.22578125 0.6625 0.01640625 0.02578125
4 0.24296875 0.6859375 0.0140625 0.02890625
4 0.24609375 0.71484375 0.0125 0.021875
4 0.19765625 0.68515625 0.01640625 0.0265625
4 0.22734375 0.690625 0.0140625 0.02890625
4 0.2109375 0.6859375 0.015625 0.0265625
4 0.23203125 0.71484375 0.01484375 0.02421875
4 0.21875 0.7125 0.015625 0.02265625
4 0.203125 0.71171875 0.01640625 0.02734375
5 0.1421875 0.58515625 0.028125 0.02890625
5 0.11640625 0.59609375 0.02421875 0.02734375
5 0.11015625 0.61796875 0.021875 0.01875
5 0.12890625 0.65234375 0.02421875 0.03125
5 0.10703125 0.65234375 0.0234375 0.021875
2 0.12578125 0.71171875 0.09140625 0.059375
5 0.13046875 0.678125 0.02265625 0.01953125
5 0.1078125 0.6734375 0.021875 0.01640625
2 0.18125 0.73984375 0.02109375 0.08359375
6 0.0234375 0.74296875 0.046875 0.1015625
5 0.040625 0.68828125 0.02265625 0.0171875
5 0.0578125 0.69765625 0.03125 0.04296875
5 0.08671875 0.7 0.021875 0.03515625
5 0.065625 0.72421875 0.0296875 0.0328125
6 0.0375 0.8046875 0.05625 0.1265625
6 0.02265625 0.8875 0.04375 0.0421875
6 0.01875 0.93359375 0.0359375 0.03828125
6 0.01875 0.971875 0.03671875 0.0515625
6 0.10078125 0.93671875 0.05625 0.08515625
6 0.1328125 0.97109375 0.05 0.05625
2 0.15234375 0.846875 0.0546875 0.11328125
2 0.1625 0.91328125 0.04140625 0.121875
5 0.32734375 0.728125 0.0328125 0.03046875
5 0.35546875 0.75625 0.0265625 0.02421875
5 0.32578125 0.75546875 0.03515625 0.03125