1 0.65546875 0.36484375 0.0234375 0.07734375
2 0.715625 0.3296875 0.03125 0.0625
2 0.7078125 0.28828125 0.034375 0.02421875
2 0.75390625 0.3328125 0.04140625 0.03828125
5 0.784375 0.3296875 0.0265625 0.02109375
2 0.78984375 0.3640625 0.02734375 0.0359375
2 0.7625 0.3703125 0.02421875 0.0359375
2 0.4421875 0.56171875 0.06171875 0.10625
3 0.43515625 0.51640625 0.0171875 0.02578125
2 0.45078125 0.5015625 0.0484375 0.03203125
5 0.43125 0.703125 0.02890625 0.0359375
5 0.4046875 0.71640625 0.025 0.034375
5 0.43359375 0.73203125 0.0296875 0.034375
5 0.43359375 0.75546875 0.0265625 0.03828125
5 0.434375 0.78125 0.0265625 0.03828125
5 0.40859375 0.74375 0.03046875 0.02421875
5 0.40625 0.7703125 0.02734375 0.034375
5 0.31953125 0.671875 0.01328125 0.01171875
5 0.31953125 0.65703125 0.015625 0.01796875
5 0.33125 0.66328125 0.01484375 0.015625
5 0.334375 0.65078125 0.01171875 0.01171875
5 0.3203125 0.68984375 0.01796875 0.01328125
5 0.325 0.73046875 0.03046875 0.028125
5 0.32578125 0.75390625 0.0296875 0.02265625
5 0.35546875 0.728125 0.03046875 0.02265625
5 0.35625 0.75390625 0.02890625 0.02421875
5 0.35234375 0.70703125 0.03046875 0.0171875
5 0.35234375 0.69765625 0.0328125 0.01953125
5 0.35234375 0.68046875 0.03046875 0.0171875
5 0.353125 0.6640625 0.02890625 0.01484375
5 0.340625 0.640625 0.05546875 0.01484375
5 0.33359375 0.6234375 0.034375 0.01484375
5 0.35546875 0.62421875 0.02421875 0.01171875
4 0.225 0.659375 0.0140625 0.0234375
4 0.2421875 0.68515625 0.01640625 0.0265625
4 0.2484375 0.7140625 0.01015625 0.025
4 0.21015625 0.6609375 0.01328125 0.02421875
4 0.19765625 0.68125 0.01328125 0.0234375
4 0.228125 0.6890625 0.01328125 0.02265625
4 0.2125 0.68671875 0.0140625 0.025
4 0.23125 0.71484375 0.015625 0.02734375
4 0.21953125 0.7125 0.01796875 0.0265625
4 0.203125 0.70859375 0.01484375 0.021875
5 0.1421875 0.59296875 0.034375 0.05
5 0.11484375 0.59375 0.02265625 0.0265625
5 0.11015625 0.64453125 0.025 0.0375
5 0.1109375 0.61875 0.02109375 0.021875
5 0.13203125 0.64140625 0.0171875 0.05703125
2 0.13359375 0.75546875 0.109375 0.17421875
5 0.13125 0.67734375 0.01953125 0.01796875
5 0.10859375 0.67578125 0.021875 0.01796875
2 0.17890625 0.7375 0.02578125 0.078125
5 0.04609375 0.6890625 0.02578125 0.02265625
5 0.071875 0.70078125 0.00703125 0.0328125
5 0.08671875 0.7046875 0.0125 0.0375
5 0.06328125 0.72890625 0.0296875 0.0375
2 0.12109375 0.825 0.12578125 0.15546875
5 0.07109375 0.78125 0.04296875 0.11171875
6 0.021875 0.74140625 0.0421875 0.09296875
2 0.0421875 0.80390625 0.04140625 0.15390625
6 0.10234375 0.94453125 0.0609375 0.11015625
2 0.1578125 0.8984375 0.07109375 0.0796875
6 0.021875 0.8859375 0.04140625 0.04375
6 0.01328125 0.9734375 0.0265625 0.053125
6 0.02109375 0.9453125 0.04140625 0.07578125
2 0.32890625 0.8828125 0.1125 0.171875
6 0.26328125 0.90546875 0.0453125 0.0796875
2 0.29609375 0.9578125 0.1109375 0.08359375