2 0.75546875 0.33515625 0.040625 0.04375
2 0.790625 0.36015625 0.02421875 0.0296875
5 0.7828125 0.3328125 0.02265625 0.0265625
2 0.75546875 0.371875 0.0390625 0.0328125
2 0.7171875 0.33203125 0.0234375 0.06171875
2 0.71171875 0.28984375 0.0265625 0.0234375
1 0.688294809375 0.3247417984375 0.6860949265625 0.3381303703125 0.6797152875 0.340493046875 0.67679265625 0.3497238609375 0.6975342859375 0.3523065015625 0.6955544125 0.3420681796875 0.69203459375 0.3334049890625 0.6935745078125 0.323560459375 0.688294809375 0.3247417984375
2 0.44453125 0.5625 0.06953125 0.1140625
3 0.4359375 0.5171875 0.01875 0.02578125
2 0.45 0.4984375 0.05234375 0.0296875
5 0.43203125 0.70625 0.028125 0.040625
5 0.4046875 0.71640625 0.02578125 0.03828125
5 0.4328125 0.73046875 0.03125 0.0359375
5 0.40546875 0.76796875 0.025 0.03671875
5 0.40546875 0.74296875 0.02578125 0.03125
5 0.43359375 0.7828125 0.025 0.034375
5 0.4328125 0.759375 0.02734375 0.03359375
5 0.32265625 0.6546875 0.0296875 0.0328125
5 0.32265625 0.671875 0.028125 0.02421875
5 0.31953125 0.69140625 0.0203125 0.0140625
5 0.3234375 0.728125 0.0296875 0.02890625
5 0.35546875 0.728125 0.03046875 0.0265625
5 0.35859375 0.7546875 0.03203125 0.02265625
5 0.32421875 0.7546875 0.03203125 0.01953125
5 0.35234375 0.70625 0.03203125 0.0125
5 0.35234375 0.69375 0.0296875 0.015625
5 0.3515625 0.67890625 0.028125 0.01953125
5 0.3515625 0.66328125 0.0265625 0.01953125
5 0.3546875 0.63984375 0.02890625 0.0140625
5 0.35859375 0.621875 0.028125 0.0171875
5 0.33046875 0.62265625 0.0265625 0.01640625
2 0.31796875 0.890625 0.09140625 0.1953125
2 0.30234375 0.95625 0.09453125 0.0875
6 0.2609375 0.88671875 0.03359375 0.08203125
4 0.22421875 0.6609375 0.0140625 0.02578125
4 0.24453125 0.68828125 0.01484375 0.02578125
4 0.24765625 0.7140625 0.0140625 0.0265625
4 0.22890625 0.69140625 0.015625 0.02890625
4 0.21015625 0.65859375 0.01484375 0.0265625
4 0.2125 0.6890625 0.0140625 0.02265625
4 0.23203125 0.715625 0.0140625 0.02734375
4 0.2171875 0.7140625 0.01328125 0.02109375
4 0.203125 0.71015625 0.01484375 0.02734375
4 0.19765625 0.68125 0.01484375 0.02734375
5 0.14296875 0.59140625 0.02421875 0.0421875
5 0.115625 0.59609375 0.02578125 0.03125
5 0.109375 0.621875 0.025 0.02265625
5 0.13671875 0.65625 0.034375 0.034375
5 0.10625 0.6546875 0.021875 0.01953125
2 0.1453125 0.7625 0.09453125 0.15546875
5 0.13046875 0.67578125 0.02421875 0.01484375
5 0.10859375 0.6765625 0.0265625 0.0140625
5 0.059375 0.725 0.03203125 0.04765625
5 0.0609375 0.7 0.0296875 0.025
5 0.0875 0.70625 0.01875 0.0296875
5 0.04296875 0.68828125 0.021875 0.0203125
2 0.1328125 0.828125 0.11015625 0.14140625
6 0.1 0.9390625 0.059375 0.09765625
6 0.13671875 0.96484375 0.03125 0.0515625
2 0.1546875 0.92109375 0.053125 0.11796875
6 0.02421875 0.734375 0.04765625 0.1046875
2 0.040625 0.8078125 0.03671875 0.1578125
6 0.0328125 0.8828125 0.0359375 0.0421875
6 0.0265625 0.946875 0.05 0.09921875
2 0.178125 0.734375 0.0265625 0.0859375