2 0.44296875 0.56015625 0.0640625 0.12265625
2 0.446875 0.5046875 0.04609375 0.0265625
3 0.43515625 0.51953125 0.02421875 0.02109375
5 0.43515625 0.70625 0.034375 0.0296875
5 0.434375 0.75625 0.02421875 0.034375
5 0.43359375 0.73125 0.02578125 0.034375
5 0.4359375 0.78203125 0.02734375 0.028125
5 0.40546875 0.71015625 0.02578125 0.034375
5 0.40625 0.7703125 0.02421875 0.03046875
5 0.40703125 0.74296875 0.025 0.02734375
5 0.3515625 0.653125 0.02578125 0.03671875
5 0.3546875 0.72890625 0.03046875 0.02578125
5 0.35390625 0.7078125 0.02734375 0.0203125
5 0.353125 0.69765625 0.02890625 0.01640625
5 0.35234375 0.68203125 0.02734375 0.01640625
5 0.35546875 0.62578125 0.0234375 0.01484375
5 0.328125 0.62265625 0.02421875 0.01484375
5 0.33359375 0.64140625 0.009375 0.0171875
5 0.3203125 0.6421875 0.0140625 0.02265625
5 0.325 0.71875 0.02734375 0.0390625
5 0.3203125 0.6859375 0.01328125 0.01640625
5 0.31875 0.665625 0.015625 0.015625
5 0.3328125 0.6875 0.009375 0.01796875
5 0.3328125 0.6671875 0.01015625 0.0171875
5 0.32578125 0.753125 0.02734375 0.025
5 0.35390625 0.75390625 0.02734375 0.025
2 0.32421875 0.86015625 0.084375 0.125
2 0.29453125 0.96328125 0.084375 0.0703125
6 0.26015625 0.89453125 0.03203125 0.06484375
4 0.209375 0.65703125 0.01640625 0.0296875
4 0.21015625 0.6609375 0.015625 0.02421875
4 0.22578125 0.68984375 0.01484375 0.02578125
4 0.22734375 0.6671875 0.0171875 0.0203125
4 0.24296875 0.68828125 0.0140625 0.025
4 0.24765625 0.71484375 0.01328125 0.02421875
4 0.2296875 0.7171875 0.015625 0.02265625
4 0.2125 0.6890625 0.0140625 0.02578125
4 0.19765625 0.684375 0.0140625 0.03046875
4 0.20390625 0.7125 0.01328125 0.0234375
4 0.21796875 0.71484375 0.0125 0.01796875
5 0.140625 0.590625 0.03125 0.05859375
5 0.115625 0.596875 0.021875 0.0296875
5 0.11171875 0.61953125 0.03046875 0.01171875
5 0.13671875 0.63984375 0.015625 0.0546875
5 0.10703125 0.6421875 0.01640625 0.03671875
2 0.13984375 0.76640625 0.09453125 0.1703125
5 0.109375 0.67734375 0.025 0.01796875
5 0.1328125 0.675 0.02109375 0.0171875
5 0.1421875 0.6296875 0.02109375 0.0328125
5 0.1546875 0.65546875 0.01640625 0.0296875
2 0.12421875 0.828125 0.08671875 0.13515625
6 0.1578125 0.9109375 0.04140625 0.09140625
6 0.103125 0.94609375 0.05 0.10625
6 0.1390625 0.96328125 0.02734375 0.0578125
2 0.18125 0.73125 0.02109375 0.06875
5 0.04453125 0.690625 0.0234375 0.01953125
5 0.06015625 0.70390625 0.0234375 0.0328125
5 0.08046875 0.70390625 0.01171875 0.03359375
5 0.06640625 0.7265625 0.025 0.03046875
5 0.07265625 0.7765625 0.01953125 0.06640625
6 0.02265625 0.740625 0.04296875 0.09453125
2 0.03046875 0.80546875 0.059375 0.14453125
6 0.03046875 0.90234375 0.046875 0.08671875
6 0.0296875 0.93046875 0.0421875 0.07890625
6 0.02109375 0.9765625 0.04140625 0.046875
6 0.00546875 0.92265625 0.0109375 0.05625
2 0.75234375 0.3375 0.03359375 0.046875
2 0.753125 0.37421875 0.03828125 0.0421875
2 0.78828125 0.36796875 0.021875 0.03515625
5 0.78515625 0.32890625 0.01953125 0.02890625
2 0.7171875 0.33359375 0.02734375 0.04765625
2 0.70625 0.30078125 0.03125 0.05234375
1 0.87578125 0.41171875 0.021875 0.08984375