1 0.78671875 0.378125 0.028125 0.07578125
2 0.87890625 0.4171875 0.06171875 0.13359375
2 0.709375 0.29375 0.04296875 0.03359375
2 0.715625 0.33203125 0.03359375 0.06328125
2 0.753125 0.3296875 0.0359375 0.03984375
2 0.7484375 0.3625 0.0359375 0.02890625
2 0.44296875 0.56015625 0.06484375 0.10703125
2 0.44921875 0.4953125 0.04296875 0.034375
3 0.43359375 0.515625 0.0203125 0.02421875
5 0.4328125 0.78046875 0.025 0.02890625
5 0.43359375 0.759375 0.0234375 0.0328125
5 0.43203125 0.73203125 0.0265625 0.0296875
5 0.434375 0.70703125 0.02890625 0.03515625
5 0.4125 0.775 0.03125 0.02265625
5 0.40859375 0.746875 0.02890625 0.0265625
5 0.4046875 0.71796875 0.02578125 0.034375
5 0.31796875 0.690625 0.021875 0.01015625
5 0.31875 0.675 0.015625 0.01875
5 0.3203125 0.6578125 0.015625 0.02265625
5 0.3328125 0.6578125 0.01328125 0.021875
5 0.32421875 0.75390625 0.03125 0.0234375
5 0.32265625 0.73125 0.0296875 0.021875
5 0.35546875 0.7546875 0.03125 0.0265625
5 0.35625 0.72890625 0.0296875 0.0234375
5 0.353125 0.71171875 0.02734375 0.01015625
5 0.35234375 0.70078125 0.03203125 0.01484375
5 0.35234375 0.6828125 0.03046875 0.02109375
5 0.353125 0.665625 0.03125 0.015625
5 0.3265625 0.63984375 0.03125 0.02109375
5 0.32890625 0.62421875 0.03046875 0.01796875
5 0.3546875 0.64140625 0.03203125 0.0203125
5 0.3546875 0.625 0.03046875 0.01328125
5 0.353125 0.65859375 0.02265625 0.02578125
4 0.228125 0.68828125 0.01875 0.028125
4 0.21171875 0.68671875 0.01328125 0.028125
4 0.22578125 0.6625 0.0171875 0.028125
4 0.19765625 0.684375 0.0125 0.0328125
4 0.209375 0.66015625 0.01953125 0.02890625
4 0.246875 0.71640625 0.01484375 0.03125
4 0.23203125 0.71484375 0.0140625 0.02578125
4 0.24375 0.68984375 0.01484375 0.02890625
4 0.2015625 0.7125 0.0171875 0.028125
4 0.2171875 0.71328125 0.0140625 0.025
5 0.14140625 0.58984375 0.03046875 0.0375
5 0.11875 0.59609375 0.02734375 0.03046875
5 0.11015625 0.6421875 0.02734375 0.04375
5 0.109375 0.61875 0.02265625 0.0125
5 0.13828125 0.6421875 0.03515625 0.0453125
2 0.1265625 0.74296875 0.0953125 0.16328125
5 0.13203125 0.678125 0.0234375 0.01640625
5 0.10703125 0.67421875 0.0234375 0.01796875
2 0.18046875 0.73359375 0.0125 0.06875
5 0.0890625 0.7046875 0.0125 0.0296875
5 0.0453125 0.68984375 0.02890625 0.02578125
5 0.06953125 0.7015625 0.01328125 0.02578125
5 0.06484375 0.73046875 0.0296875 0.03125
5 0.090625 0.6875 0.0234375 0.0171875
5 0.02265625 0.73828125 0.04375 0.10390625
2 0.03671875 0.8109375 0.04921875 0.17109375
6 0.1578125 0.9109375 0.0359375 0.1328125
6 0.10078125 0.940625 0.06015625 0.10390625
6 0.12578125 0.96640625 0.04453125 0.06484375
6 0.02734375 0.88203125 0.053125 0.046875
6 0.01875 0.96796875 0.0375 0.0609375
6 0.0234375 0.928125 0.046875 0.03359375
2 0.32578125 0.84765625 0.10625 0.09375
2 0.3046875 0.96171875 0.115625 0.07578125
6 0.26171875 0.896875 0.040625 0.06015625