2 0.690625 0.3484375 0.034375 0.10546875
2 0.753125 0.33125 0.03515625 0.03828125
2 0.75703125 0.37734375 0.03671875 0.0390625
2 0.7890625 0.3703125 0.02265625 0.03203125
5 0.7859375 0.33203125 0.0203125 0.0203125
2 0.44296875 0.56171875 0.06953125 0.11484375
3 0.43671875 0.51953125 0.01796875 0.03046875
2 0.45 0.49609375 0.0421875 0.01171875
5 0.43359375 0.77890625 0.021875 0.02109375
5 0.43671875 0.76015625 0.025 0.03828125
5 0.43359375 0.734375 0.01875 0.03125
5 0.43359375 0.703125 0.0234375 0.0328125
5 0.40703125 0.77109375 0.0265625 0.03046875
5 0.40234375 0.7421875 0.02734375 0.02890625
5 0.409375 0.71640625 0.02421875 0.040625
5 0.3546875 0.65390625 0.02421875 0.0359375
5 0.35546875 0.73046875 0.02890625 0.02109375
5 0.3515625 0.709375 0.02421875 0.01328125
5 0.35234375 0.69375 0.025 0.01484375
5 0.353125 0.67734375 0.025 0.01328125
5 0.3203125 0.65 0.01640625 0.03203125
5 0.33359375 0.64921875 0.0109375 0.03046875
5 0.32421875 0.62421875 0.015625 0.01953125
5 0.33671875 0.62265625 0.009375 0.01953125
5 0.3546875 0.62578125 0.02265625 0.015625
5 0.35703125 0.75390625 0.028125 0.02421875
5 0.3265625 0.71796875 0.03046875 0.04140625
5 0.3265625 0.75390625 0.03125 0.02265625
2 0.32109375 0.859375 0.0734375 0.12734375
6 0.25859375 0.8953125 0.03203125 0.05859375
2 0.29453125 0.95859375 0.078125 0.08125
4 0.2265625 0.6625 0.01328125 0.025
4 0.24140625 0.68671875 0.01484375 0.025
4 0.24609375 0.71953125 0.0125 0.02421875
4 0.21328125 0.6890625 0.0140625 0.028125
4 0.22578125 0.690625 0.015625 0.0296875
4 0.23203125 0.71875 0.0125 0.0296875
4 0.2171875 0.7140625 0.015625 0.01953125
4 0.20078125 0.71171875 0.01328125 0.03125
4 0.19921875 0.6796875 0.01484375 0.02421875
5 0.140625 0.5921875 0.03046875 0.040625
5 0.12109375 0.60078125 0.02265625 0.03046875
5 0.10859375 0.6203125 0.01796875 0.01796875
5 0.12265625 0.625 0.01953125 0.0140625
5 0.140625 0.62265625 0.0265625 0.0171875
5 0.13203125 0.65078125 0.021875 0.03359375
5 0.11015625 0.646875 0.01796875 0.03203125
2 0.1265625 0.75390625 0.084375 0.14453125
5 0.134375 0.675 0.0265625 0.01796875
5 0.1078125 0.67578125 0.02265625 0.01875
5 0.15234375 0.65703125 0.0109375 0.0234375
2 0.11953125 0.82890625 0.08828125 0.14296875
6 0.1640625 0.9140625 0.03828125 0.065625
6 0.0953125 0.940625 0.0578125 0.0890625
6 0.13828125 0.96796875 0.02265625 0.05546875
6 0.025 0.88671875 0.0375 0.03671875
6 0.02578125 0.91171875 0.03359375 0.03203125
6 0.0203125 0.94609375 0.034375 0.040625
6 0.0125 0.96875 0.02421875 0.028125
6 0.00625 0.91953125 0.01171875 0.05546875
5 0.0453125 0.68984375 0.02578125 0.0234375
5 0.0640625 0.7296875 0.03125 0.025
5 0.0578125 0.69921875 0.025 0.025
5 0.08515625 0.70390625 0.01875 0.02734375
5 0.06875 0.775 0.03203125 0.05546875
6 0.0203125 0.74296875 0.03984375 0.09453125
2 0.0328125 0.81171875 0.06015625 0.12421875
2 0.178125 0.73671875 0.021875 0.08046875
2 0.70625 0.28828125 0.03359375 0.025
2 0.71953125 0.3125 0.0265625 0.028125
1 0.71171875 0.36171875 0.01796875 0.0453125