2 0.4421875 0.559375 0.0640625 0.11640625
3 0.43515625 0.51875 0.01875 0.02421875
2 0.44921875 0.49921875 0.04140625 0.0265625
5 0.43671875 0.6984375 0.03515625 0.0421875
5 0.40625 0.76953125 0.03203125 0.02890625
5 0.4078125 0.74375 0.025 0.0328125
5 0.4046875 0.7140625 0.02734375 0.0375
5 0.4359375 0.784375 0.03046875 0.028125
5 0.43671875 0.75703125 0.0328125 0.0125
5 0.4359375 0.73203125 0.0296875 0.02109375
5 0.35625 0.75390625 0.021875 0.02578125
5 0.3546875 0.728125 0.02734375 0.02109375
5 0.3546875 0.70859375 0.0296875 0.0265625
5 0.35078125 0.6828125 0.02890625 0.02265625
5 0.35234375 0.6578125 0.0359375 0.0359375
5 0.32578125 0.71796875 0.0296875 0.03515625
5 0.32578125 0.7546875 0.02578125 0.01953125
5 0.32109375 0.65 0.01328125 0.03203125
5 0.3359375 0.65 0.01171875 0.03203125
5 0.33203125 0.6796875 0.009375 0.02421875
5 0.3203125 0.68203125 0.01015625 0.02734375
5 0.3296875 0.62421875 0.025 0.01484375
5 0.35859375 0.62578125 0.02421875 0.0140625
2 0.31875 0.88359375 0.0890625 0.18125
2 0.296875 0.9609375 0.096875 0.078125
6 0.26171875 0.89765625 0.034375 0.071875
4 0.1984375 0.6828125 0.01484375 0.02734375
4 0.20234375 0.71171875 0.0125 0.021875
4 0.21328125 0.68359375 0.015625 0.025
4 0.209375 0.659375 0.015625 0.028125
4 0.21875 0.71484375 0.0109375 0.02578125
4 0.228125 0.68671875 0.01484375 0.0203125
4 0.22421875 0.6625 0.015625 0.028125
4 0.23203125 0.715625 0.0109375 0.0265625
4 0.24375 0.68828125 0.0171875 0.0296875
4 0.24921875 0.71875 0.01640625 0.02421875
5 0.140625 0.5921875 0.034375 0.04609375
5 0.11953125 0.5984375 0.021875 0.0296875
5 0.11875 0.62265625 0.0203125 0.01640625
5 0.1140625 0.61953125 0.0265625 0.015625
5 0.109375 0.6484375 0.021875 0.0421875
5 0.134375 0.6515625 0.01953125 0.03203125
5 0.14140625 0.6265625 0.0234375 0.02421875
2 0.1390625 0.7609375 0.10078125 0.16015625
5 0.1375 0.6734375 0.02109375 0.0171875
5 0.15078125 0.65390625 0.0109375 0.0140625
5 0.1109375 0.67578125 0.02421875 0.01640625
2 0.12109375 0.821875 0.08046875 0.1359375
2 0.16328125 0.90859375 0.02421875 0.0859375
6 0.1375 0.96484375 0.01875 0.0609375
6 0.0984375 0.95078125 0.0453125 0.0984375
5 0.08359375 0.7015625 0.0171875 0.028125
5 0.04375 0.684375 0.0203125 0.0171875
5 0.06171875 0.69921875 0.0234375 0.03515625
5 0.0625 0.72890625 0.02578125 0.02734375
5 0.06640625 0.76953125 0.02265625 0.04296875
6 0.0234375 0.73828125 0.04453125 0.08984375
6 0.03125 0.8109375 0.05078125 0.12421875
6 0.025 0.88515625 0.0375 0.03828125
6 0.0265625 0.95390625 0.0296875 0.071875
6 0.0046875 0.9109375 0.009375 0.06328125
6 0.01015625 0.97421875 0.01953125 0.0515625
2 0.71484375 0.33359375 0.03046875 0.0671875
2 0.71171875 0.3078125 0.034375 0.0546875
2 0.7484375 0.3546875 0.02734375 0.07734375
2 0.790625 0.36484375 0.03125 0.04296875
5 0.78515625 0.33125 0.01796875 0.02421875